624 144 48
5 23
4 4 4 4 4 4 4 4 4 4 4 4 4 4 4 4 4 4 4 4 4 4 4 4 4 4 4 4 4 4 4 4 4 4 4 4 4 4 4 4 4 4 4 4 4 4 4 4 4 4 4 4 4 4 4 4 4 4 4 4 4 4 4 4 4 4 4 4 4 4 4 4 4 4 4 4 4 4 4 4 4 4 4 4 4 4 4 4 4 4 4 4 4 4 4 4 4 4 4 4 4 4 4 4 4 4 4 4 4 4 4 4 4 4 4 4 4 4 4 4 4 4 4 4 4 4 4 4 4 4 4 4 4 4 4 4 4 4 4 4 4 4 4 4 4 4 4 4 4 4 4 4 4 4 4 4 4 4 4 4 4 4 4 4 4 4 4 4 4 4 4 4 4 4 4 4 4 4 4 4 4 4 4 4 4 4 4 4 4 4 4 4 4 4 4 4 4 4 4 4 4 4 4 4 4 4 4 4 4 4 4 4 4 4 4 4 4 4 4 4 4 4 4 4 4 4 4 4 4 4 4 4 4 4 4 4 4 4 4 4 4 4 4 4 4 4 4 4 4 4 4 4 4 4 4 4 4 4 4 4 4 4 4 4 4 4 4 4 4 4 4 4 4 4 4 4 4 4 4 4 4 4 4 4 4 4 4 4 4 4 4 4 4 4 4 4 4 4 4 4 4 4 4 4 4 4 4 4 4 4 4 4 4 4 4 4 4 4 4 4 4 4 4 4 4 4 4 4 4 4 4 4 4 4 4 4 4 4 4 4 4 4 4 4 4 4 4 4 4 4 4 4 4 4 4 4 4 4 4 4 4 4 4 4 4 4 4 4 4 4 4 4 4 4 4 4 4 4 4 4 4 4 4 4 3 3 3 3 3 3 3 3 3 3 3 3 3 3 3 3 3 3 3 3 3 3 3 3 3 3 3 3 3 3 3 3 3 3 3 3 3 3 3 3 3 3 3 3 3 3 3 3 3 3 3 3 3 3 3 3 3 3 3 3 3 3 3 3 3 3 3 3 3 3 3 3 3 3 3 3 3 3 3 3 3 3 3 3 3 3 3 3 3 3 3 3 3 3 3 3 5 5 5 5 5 5 5 5 5 5 5 5 5 5 5 5 5 5 5 5 5 5 5 5 5 5 5 5 5 5 5 5 5 5 5 5 5 5 5 5 5 5 5 5 5 5 5 5 3 3 3 3 3 3 3 3 3 3 3 3 3 3 3 3 3 3 3 3 3 3 3 3 2 2 2 2 2 2 2 2 2 2 2 2 2 2 2 2 2 2 2 2 2 2 2 2 1 1 1 1 1 1 1 1 1 1 1 1 1 1 1 1 1 1 1 1 1 1 1 1 1 1 1 1 1 1 1 1 1 1 1 1 1 1 1 1 1 1 1 1 1 1 1 1 
20 20 20 20 20 20 20 20 20 20 20 20 20 20 20 20 20 20 20 20 20 20 20 20 20 20 20 20 20 20 20 20 20 20 20 20 20 20 20 20 20 20 20 20 20 20 20 20 22 22 22 22 22 22 22 22 22 22 22 22 22 22 22 22 22 22 22 22 22 22 22 22 23 23 23 23 23 23 23 23 23 23 23 23 23 23 23 23 23 23 23 23 23 23 23 23 5 5 5 5 5 5 5 5 5 5 5 5 5 5 5 5 5 5 5 5 5 5 5 5 3 3 3 3 3 3 3 3 3 3 3 3 3 3 3 3 3 3 3 3 3 3 3 3 
1 45 58 96 0 
2 46 59 73 0 
3 47 60 74 0 
4 48 61 75 0 
5 25 62 76 0 
6 26 63 77 0 
7 27 64 78 0 
8 28 65 79 0 
9 29 66 80 0 
10 30 67 81 0 
11 31 68 82 0 
12 32 69 83 0 
13 33 70 84 0 
14 34 71 85 0 
15 35 72 86 0 
16 36 49 87 0 
17 37 50 88 0 
18 38 51 89 0 
19 39 52 90 0 
20 40 53 91 0 
21 41 54 92 0 
22 42 55 93 0 
23 43 56 94 0 
24 44 57 95 0 
1 27 63 91 0 
2 28 64 92 0 
3 29 65 93 0 
4 30 66 94 0 
5 31 67 95 0 
6 32 68 96 0 
7 33 69 73 0 
8 34 70 74 0 
9 35 71 75 0 
10 36 72 76 0 
11 37 49 77 0 
12 38 50 78 0 
13 39 51 79 0 
14 40 52 80 0 
15 41 53 81 0 
16 42 54 82 0 
17 43 55 83 0 
18 44 56 84 0 
19 45 57 85 0 
20 46 58 86 0 
21 47 59 87 0 
22 48 60 88 0 
23 25 61 89 0 
24 26 62 90 0 
1 39 67 92 0 
2 40 68 93 0 
3 41 69 94 0 
4 42 70 95 0 
5 43 71 96 0 
6 44 72 73 0 
7 45 49 74 0 
8 46 50 75 0 
9 47 51 76 0 
10 48 52 77 0 
11 25 53 78 0 
12 26 54 79 0 
13 27 55 80 0 
14 28 56 81 0 
15 29 57 82 0 
16 30 58 83 0 
17 31 59 84 0 
18 32 60 85 0 
19 33 61 86 0 
20 34 62 87 0 
21 35 63 88 0 
22 36 64 89 0 
23 37 65 90 0 
24 38 66 91 0 
1 40 49 80 0 
2 41 50 81 0 
3 42 51 82 0 
4 43 52 83 0 
5 44 53 84 0 
6 45 54 85 0 
7 46 55 86 0 
8 47 56 87 0 
9 48 57 88 0 
10 25 58 89 0 
11 26 59 90 0 
12 27 60 91 0 
13 28 61 92 0 
14 29 62 93 0 
15 30 63 94 0 
16 31 64 95 0 
17 32 65 96 0 
18 33 66 73 0 
19 34 67 74 0 
20 35 68 75 0 
21 36 69 76 0 
22 37 70 77 0 
23 38 71 78 0 
24 39 72 79 0 
1 36 65 84 0 
2 37 66 85 0 
3 38 67 86 0 
4 39 68 87 0 
5 40 69 88 0 
6 41 70 89 0 
7 42 71 90 0 
8 43 72 91 0 
9 44 49 92 0 
10 45 50 93 0 
11 46 51 94 0 
12 47 52 95 0 
13 48 53 96 0 
14 25 54 73 0 
15 26 55 74 0 
16 27 56 75 0 
17 28 57 76 0 
18 29 58 77 0 
19 30 59 78 0 
20 31 60 79 0 
21 32 61 80 0 
22 33 62 81 0 
23 34 63 82 0 
24 35 64 83 0 
1 28 55 90 0 
2 29 56 91 0 
3 30 57 92 0 
4 31 58 93 0 
5 32 59 94 0 
6 33 60 95 0 
7 34 61 96 0 
8 35 62 73 0 
9 36 63 74 0 
10 37 64 75 0 
11 38 65 76 0 
12 39 66 77 0 
13 40 67 78 0 
14 41 68 79 0 
15 42 69 80 0 
16 43 70 81 0 
17 44 71 82 0 
18 45 72 83 0 
19 46 49 84 0 
20 47 50 85 0 
21 48 51 86 0 
22 25 52 87 0 
23 26 53 88 0 
24 27 54 89 0 
1 29 70 76 0 
2 30 71 77 0 
3 31 72 78 0 
4 32 49 79 0 
5 33 50 80 0 
6 34 51 81 0 
7 35 52 82 0 
8 36 53 83 0 
9 37 54 84 0 
10 38 55 85 0 
11 39 56 86 0 
12 40 57 87 0 
13 41 58 88 0 
14 42 59 89 0 
15 43 60 90 0 
16 44 61 91 0 
17 45 62 92 0 
18 46 63 93 0 
19 47 64 94 0 
20 48 65 95 0 
21 25 66 96 0 
22 26 67 73 0 
23 27 68 74 0 
24 28 69 75 0 
1 42 53 73 0 
2 43 54 74 0 
3 44 55 75 0 
4 45 56 76 0 
5 46 57 77 0 
6 47 58 78 0 
7 48 59 79 0 
8 25 60 80 0 
9 26 61 81 0 
10 27 62 82 0 
11 28 63 83 0 
12 29 64 84 0 
13 30 65 85 0 
14 31 66 86 0 
15 32 67 87 0 
16 33 68 88 0 
17 34 69 89 0 
18 35 70 90 0 
19 36 71 91 0 
20 37 72 92 0 
21 38 49 93 0 
22 39 50 94 0 
23 40 51 95 0 
24 41 52 96 0 
1 33 71 89 0 
2 34 72 90 0 
3 35 49 91 0 
4 36 50 92 0 
5 37 51 93 0 
6 38 52 94 0 
7 39 53 95 0 
8 40 54 96 0 
9 41 55 73 0 
10 42 56 74 0 
11 43 57 75 0 
12 44 58 76 0 
13 45 59 77 0 
14 46 60 78 0 
15 47 61 79 0 
16 48 62 80 0 
17 25 63 81 0 
18 26 64 82 0 
19 27 65 83 0 
20 28 66 84 0 
21 29 67 85 0 
22 30 68 86 0 
23 31 69 87 0 
24 32 70 88 0 
1 35 57 81 0 
2 36 58 82 0 
3 37 59 83 0 
4 38 60 84 0 
5 39 61 85 0 
6 40 62 86 0 
7 41 63 87 0 
8 42 64 88 0 
9 43 65 89 0 
10 44 66 90 0 
11 45 67 91 0 
12 46 68 92 0 
13 47 69 93 0 
14 48 70 94 0 
15 25 71 95 0 
16 26 72 96 0 
17 27 49 73 0 
18 28 50 74 0 
19 29 51 75 0 
20 30 52 76 0 
21 31 53 77 0 
22 32 54 78 0 
23 33 55 79 0 
24 34 56 80 0 
1 46 72 87 0 
2 47 49 88 0 
3 48 50 89 0 
4 25 51 90 0 
5 26 52 91 0 
6 27 53 92 0 
7 28 54 93 0 
8 29 55 94 0 
9 30 56 95 0 
10 31 57 96 0 
11 32 58 73 0 
12 33 59 74 0 
13 34 60 75 0 
14 35 61 76 0 
15 36 62 77 0 
16 37 63 78 0 
17 38 64 79 0 
18 39 65 80 0 
19 40 66 81 0 
20 41 67 82 0 
21 42 68 83 0 
22 43 69 84 0 
23 44 70 85 0 
24 45 71 86 0 
1 34 68 78 0 
2 35 69 79 0 
3 36 70 80 0 
4 37 71 81 0 
5 38 72 82 0 
6 39 49 83 0 
7 40 50 84 0 
8 41 51 85 0 
9 42 52 86 0 
10 43 53 87 0 
11 44 54 88 0 
12 45 55 89 0 
13 46 56 90 0 
14 47 57 91 0 
15 48 58 92 0 
16 25 59 93 0 
17 26 60 94 0 
18 27 61 95 0 
19 28 62 96 0 
20 29 63 73 0 
21 30 64 74 0 
22 31 65 75 0 
23 32 66 76 0 
24 33 67 77 0 
1 44 60 93 0 
2 45 61 94 0 
3 46 62 95 0 
4 47 63 96 0 
5 48 64 73 0 
6 25 65 74 0 
7 26 66 75 0 
8 27 67 76 0 
9 28 68 77 0 
10 29 69 78 0 
11 30 70 79 0 
12 31 71 80 0 
13 32 72 81 0 
14 33 49 82 0 
15 34 50 83 0 
16 35 51 84 0 
17 36 52 85 0 
18 37 53 86 0 
19 38 54 87 0 
20 39 55 88 0 
21 40 56 89 0 
22 41 57 90 0 
23 42 58 91 0 
24 43 59 92 0 
1 43 50 86 0 
2 44 51 87 0 
3 45 52 88 0 
4 46 53 89 0 
5 47 54 90 0 
6 48 55 91 0 
7 25 56 92 0 
8 26 57 93 0 
9 27 58 94 0 
10 28 59 95 0 
11 29 60 96 0 
12 30 61 73 0 
13 31 62 74 0 
14 32 63 75 0 
15 33 64 76 0 
16 34 65 77 0 
17 35 66 78 0 
18 36 67 79 0 
19 37 68 80 0 
20 38 69 81 0 
21 39 70 82 0 
22 40 71 83 0 
23 41 72 84 0 
24 42 49 85 0 
1 30 54 75 0 
2 31 55 76 0 
3 32 56 77 0 
4 33 57 78 0 
5 34 58 79 0 
6 35 59 80 0 
7 36 60 81 0 
8 37 61 82 0 
9 38 62 83 0 
10 39 63 84 0 
11 40 64 85 0 
12 41 65 86 0 
13 42 66 87 0 
14 43 67 88 0 
15 44 68 89 0 
16 45 69 90 0 
17 46 70 91 0 
18 47 71 92 0 
19 48 72 93 0 
20 25 49 94 0 
21 26 50 95 0 
22 27 51 96 0 
23 28 52 73 0 
24 29 53 74 0 
1 37 69 95 0 
2 38 70 96 0 
3 39 71 73 0 
4 40 72 74 0 
5 41 49 75 0 
6 42 50 76 0 
7 43 51 77 0 
8 44 52 78 0 
9 45 53 79 0 
10 46 54 80 0 
11 47 55 81 0 
12 48 56 82 0 
13 25 57 83 0 
14 26 58 84 0 
15 27 59 85 0 
16 28 60 86 0 
17 29 61 87 0 
18 30 62 88 0 
19 31 63 89 0 
20 32 64 90 0 
21 33 65 91 0 
22 34 66 92 0 
23 35 67 93 0 
24 36 68 94 0 
1 47 77 0 0 
2 48 78 0 0 
3 25 79 0 0 
4 26 80 0 0 
5 27 81 0 0 
6 28 82 0 0 
7 29 83 0 0 
8 30 84 0 0 
9 31 85 0 0 
10 32 86 0 0 
11 33 87 0 0 
12 34 88 0 0 
13 35 89 0 0 
14 36 90 0 0 
15 37 91 0 0 
16 38 92 0 0 
17 39 93 0 0 
18 40 94 0 0 
19 41 95 0 0 
20 42 96 0 0 
21 43 73 0 0 
22 44 74 0 0 
23 45 75 0 0 
24 46 76 0 0 
1 52 79 0 0 
2 53 80 0 0 
3 54 81 0 0 
4 55 82 0 0 
5 56 83 0 0 
6 57 84 0 0 
7 58 85 0 0 
8 59 86 0 0 
9 60 87 0 0 
10 61 88 0 0 
11 62 89 0 0 
12 63 90 0 0 
13 64 91 0 0 
14 65 92 0 0 
15 66 93 0 0 
16 67 94 0 0 
17 68 95 0 0 
18 69 96 0 0 
19 70 73 0 0 
20 71 74 0 0 
21 72 75 0 0 
22 49 76 0 0 
23 50 77 0 0 
24 51 78 0 0 
1 31 51 0 0 
2 32 52 0 0 
3 33 53 0 0 
4 34 54 0 0 
5 35 55 0 0 
6 36 56 0 0 
7 37 57 0 0 
8 38 58 0 0 
9 39 59 0 0 
10 40 60 0 0 
11 41 61 0 0 
12 42 62 0 0 
13 43 63 0 0 
14 44 64 0 0 
15 45 65 0 0 
16 46 66 0 0 
17 47 67 0 0 
18 48 68 0 0 
19 25 69 0 0 
20 26 70 0 0 
21 27 71 0 0 
22 28 72 0 0 
23 29 49 0 0 
24 30 50 0 0 
25 64 77 0 0 
26 65 78 0 0 
27 66 79 0 0 
28 67 80 0 0 
29 68 81 0 0 
30 69 82 0 0 
31 70 83 0 0 
32 71 84 0 0 
33 72 85 0 0 
34 49 86 0 0 
35 50 87 0 0 
36 51 88 0 0 
37 52 89 0 0 
38 53 90 0 0 
39 54 91 0 0 
40 55 92 0 0 
41 56 93 0 0 
42 57 94 0 0 
43 58 95 0 0 
44 59 96 0 0 
45 60 73 0 0 
46 61 74 0 0 
47 62 75 0 0 
48 63 76 0 0 
1 66 83 101 130 
2 67 84 102 131 
3 68 85 103 132 
4 69 86 104 133 
5 70 87 105 134 
6 71 88 106 135 
7 72 89 107 136 
8 49 90 108 137 
9 50 91 109 138 
10 51 92 110 139 
11 52 93 111 140 
12 53 94 112 141 
13 54 95 113 142 
14 55 96 114 143 
15 56 73 115 144 
16 57 74 116 121 
17 58 75 117 122 
18 59 76 118 123 
19 60 77 119 124 
20 61 78 120 125 
21 62 79 97 126 
22 63 80 98 127 
23 64 81 99 128 
24 65 82 100 129 
25 55 84 113 133 
26 56 85 114 134 
27 57 86 115 135 
28 58 87 116 136 
29 59 88 117 137 
30 60 89 118 138 
31 61 90 119 139 
32 62 91 120 140 
33 63 92 97 141 
34 64 93 98 142 
35 65 94 99 143 
36 66 95 100 144 
37 67 96 101 121 
38 68 73 102 122 
39 69 74 103 123 
40 70 75 104 124 
41 71 76 105 125 
42 72 77 106 126 
43 49 78 107 127 
44 50 79 108 128 
45 51 80 109 129 
46 52 81 110 130 
47 53 82 111 131 
48 54 83 112 132 
49 89 99 0 0 
50 90 100 0 0 
51 91 101 0 0 
52 92 102 0 0 
53 93 103 0 0 
54 94 104 0 0 
55 95 105 0 0 
56 96 106 0 0 
57 73 107 0 0 
58 74 108 0 0 
59 75 109 0 0 
60 76 110 0 0 
61 77 111 0 0 
62 78 112 0 0 
63 79 113 0 0 
64 80 114 0 0 
65 81 115 0 0 
66 82 116 0 0 
67 83 117 0 0 
68 84 118 0 0 
69 85 119 0 0 
70 86 120 0 0 
71 87 97 0 0 
72 88 98 0 0 
73 100 0 0 0 
74 101 0 0 0 
75 102 0 0 0 
76 103 0 0 0 
77 104 0 0 0 
78 105 0 0 0 
79 106 0 0 0 
80 107 0 0 0 
81 108 0 0 0 
82 109 0 0 0 
83 110 0 0 0 
84 111 0 0 0 
85 112 0 0 0 
86 113 0 0 0 
87 114 0 0 0 
88 115 0 0 0 
89 116 0 0 0 
90 117 0 0 0 
91 118 0 0 0 
92 119 0 0 0 
93 120 0 0 0 
94 97 0 0 0 
95 98 0 0 0 
96 99 0 0 0 
97 0 0 0 0 
98 0 0 0 0 
99 0 0 0 0 
100 0 0 0 0 
101 0 0 0 0 
102 0 0 0 0 
103 0 0 0 0 
104 0 0 0 0 
105 0 0 0 0 
106 0 0 0 0 
107 0 0 0 0 
108 0 0 0 0 
109 0 0 0 0 
110 0 0 0 0 
111 0 0 0 0 
112 0 0 0 0 
113 0 0 0 0 
114 0 0 0 0 
115 0 0 0 0 
116 0 0 0 0 
117 0 0 0 0 
118 0 0 0 0 
119 0 0 0 0 
120 0 0 0 0 
121 0 0 0 0 
122 0 0 0 0 
123 0 0 0 0 
124 0 0 0 0 
125 0 0 0 0 
126 0 0 0 0 
127 0 0 0 0 
128 0 0 0 0 
129 0 0 0 0 
130 0 0 0 0 
131 0 0 0 0 
132 0 0 0 0 
133 0 0 0 0 
134 0 0 0 0 
135 0 0 0 0 
136 0 0 0 0 
137 0 0 0 0 
138 0 0 0 0 
139 0 0 0 0 
140 0 0 0 0 
141 0 0 0 0 
142 0 0 0 0 
143 0 0 0 0 
144 0 0 0 0 
433 409 385 1 217 241 265 289 313 337 361 193 169 145 121 97 73 49 25 481 0 0 0 
434 410 386 2 218 242 266 290 314 338 362 194 170 146 122 98 74 50 26 482 0 0 0 
435 411 387 3 219 243 267 291 315 339 363 195 171 147 123 99 75 51 27 483 0 0 0 
436 412 388 4 220 244 268 292 316 340 364 196 172 148 124 100 76 52 28 484 0 0 0 
437 413 389 5 221 245 269 293 317 341 365 197 173 149 125 101 77 53 29 485 0 0 0 
438 414 390 6 222 246 270 294 318 342 366 198 174 150 126 102 78 54 30 486 0 0 0 
439 415 391 7 223 247 271 295 319 343 367 199 175 151 127 103 79 55 31 487 0 0 0 
440 416 392 8 224 248 272 296 320 344 368 200 176 152 128 104 80 56 32 488 0 0 0 
441 417 393 9 225 249 273 297 321 345 369 201 177 153 129 105 81 57 33 489 0 0 0 
442 418 394 10 226 250 274 298 322 346 370 202 178 154 130 106 82 58 34 490 0 0 0 
443 419 395 11 227 251 275 299 323 347 371 203 179 155 131 107 83 59 35 491 0 0 0 
444 420 396 12 228 252 276 300 324 348 372 204 180 156 132 108 84 60 36 492 0 0 0 
445 421 397 13 229 253 277 301 325 349 373 205 181 157 133 109 85 61 37 493 0 0 0 
446 422 398 14 230 254 278 302 326 350 374 206 182 158 134 110 86 62 38 494 0 0 0 
447 423 399 15 231 255 279 303 327 351 375 207 183 159 135 111 87 63 39 495 0 0 0 
448 424 400 16 232 256 280 304 328 352 376 208 184 160 136 112 88 64 40 496 0 0 0 
449 425 401 17 233 257 281 305 329 353 377 209 185 161 137 113 89 65 41 497 0 0 0 
450 426 402 18 234 258 282 306 330 354 378 210 186 162 138 114 90 66 42 498 0 0 0 
451 427 403 19 235 259 283 307 331 355 379 211 187 163 139 115 91 67 43 499 0 0 0 
452 428 404 20 236 260 284 308 332 356 380 212 188 164 140 116 92 68 44 500 0 0 0 
453 429 405 21 237 261 285 309 333 357 381 213 189 165 141 117 93 69 45 501 0 0 0 
454 430 406 22 238 262 286 310 334 358 382 214 190 166 142 118 94 70 46 502 0 0 0 
455 431 407 23 239 263 287 311 335 359 383 215 191 167 143 119 95 71 47 503 0 0 0 
456 432 408 24 240 264 288 312 336 360 384 216 192 168 144 120 96 72 48 504 0 0 0 
457 451 387 5 231 244 280 294 319 356 373 209 176 165 142 110 82 59 47 505 0 0 0 
458 452 388 6 232 245 281 295 320 357 374 210 177 166 143 111 83 60 48 506 0 0 0 
459 453 389 7 233 246 282 296 321 358 375 211 178 167 144 112 84 61 25 507 0 0 0 
460 454 390 8 234 247 283 297 322 359 376 212 179 168 121 113 85 62 26 508 0 0 0 
461 455 391 9 235 248 284 298 323 360 377 213 180 145 122 114 86 63 27 509 0 0 0 
462 456 392 10 236 249 285 299 324 337 378 214 181 146 123 115 87 64 28 510 0 0 0 
463 433 393 11 237 250 286 300 325 338 379 215 182 147 124 116 88 65 29 511 0 0 0 
464 434 394 12 238 251 287 301 326 339 380 216 183 148 125 117 89 66 30 512 0 0 0 
465 435 395 13 239 252 288 302 327 340 381 193 184 149 126 118 90 67 31 513 0 0 0 
466 436 396 14 240 253 265 303 328 341 382 194 185 150 127 119 91 68 32 514 0 0 0 
467 437 397 15 217 254 266 304 329 342 383 195 186 151 128 120 92 69 33 515 0 0 0 
468 438 398 16 218 255 267 305 330 343 384 196 187 152 129 97 93 70 34 516 0 0 0 
469 439 399 17 219 256 268 306 331 344 361 197 188 153 130 98 94 71 35 517 0 0 0 
470 440 400 18 220 257 269 307 332 345 362 198 189 154 131 99 95 72 36 518 0 0 0 
471 441 401 19 221 258 270 308 333 346 363 199 190 155 132 100 96 49 37 519 0 0 0 
472 442 402 20 222 259 271 309 334 347 364 200 191 156 133 101 73 50 38 520 0 0 0 
473 443 403 21 223 260 272 310 335 348 365 201 192 157 134 102 74 51 39 521 0 0 0 
474 444 404 22 224 261 273 311 336 349 366 202 169 158 135 103 75 52 40 522 0 0 0 
475 445 405 23 225 262 274 312 313 350 367 203 170 159 136 104 76 53 41 523 0 0 0 
476 446 406 24 226 263 275 289 314 351 368 204 171 160 137 105 77 54 42 524 0 0 0 
477 447 407 1 227 264 276 290 315 352 369 205 172 161 138 106 78 55 43 525 0 0 0 
478 448 408 2 228 241 277 291 316 353 370 206 173 162 139 107 79 56 44 526 0 0 0 
479 449 385 3 229 242 278 292 317 354 371 207 174 163 140 108 80 57 45 527 0 0 0 
480 450 386 4 230 243 279 293 318 355 372 208 175 164 141 109 81 58 46 528 0 0 0 
529 466 455 430 16 233 242 270 302 336 356 365 195 189 148 139 105 73 55 35 488 523 0 
530 467 456 431 17 234 243 271 303 313 357 366 196 190 149 140 106 74 56 36 489 524 0 
531 468 433 432 18 235 244 272 304 314 358 367 197 191 150 141 107 75 57 37 490 525 0 
532 469 434 409 19 236 245 273 305 315 359 368 198 192 151 142 108 76 58 38 491 526 0 
533 470 435 410 20 237 246 274 306 316 360 369 199 169 152 143 109 77 59 39 492 527 0 
534 471 436 411 21 238 247 275 307 317 337 370 200 170 153 144 110 78 60 40 493 528 0 
535 472 437 412 22 239 248 276 308 318 338 371 201 171 154 121 111 79 61 41 494 505 0 
536 473 438 413 23 240 249 277 309 319 339 372 202 172 155 122 112 80 62 42 495 506 0 
537 474 439 414 24 217 250 278 310 320 340 373 203 173 156 123 113 81 63 43 496 507 0 
538 475 440 415 1 218 251 279 311 321 341 374 204 174 157 124 114 82 64 44 497 508 0 
539 476 441 416 2 219 252 280 312 322 342 375 205 175 158 125 115 83 65 45 498 509 0 
540 477 442 417 3 220 253 281 289 323 343 376 206 176 159 126 116 84 66 46 499 510 0 
541 478 443 418 4 221 254 282 290 324 344 377 207 177 160 127 117 85 67 47 500 511 0 
542 479 444 419 5 222 255 283 291 325 345 378 208 178 161 128 118 86 68 48 501 512 0 
543 480 445 420 6 223 256 284 292 326 346 379 209 179 162 129 119 87 69 25 502 513 0 
544 457 446 421 7 224 257 285 293 327 347 380 210 180 163 130 120 88 70 26 503 514 0 
545 458 447 422 8 225 258 286 294 328 348 381 211 181 164 131 97 89 71 27 504 515 0 
546 459 448 423 9 226 259 287 295 329 349 382 212 182 165 132 98 90 72 28 481 516 0 
547 460 449 424 10 227 260 288 296 330 350 383 213 183 166 133 99 91 49 29 482 517 0 
548 461 450 425 11 228 261 265 297 331 351 384 214 184 167 134 100 92 50 30 483 518 0 
549 462 451 426 12 229 262 266 298 332 352 361 215 185 168 135 101 93 51 31 484 519 0 
550 463 452 427 13 230 263 267 299 333 353 362 216 186 145 136 102 94 52 32 485 520 0 
551 464 453 428 14 231 264 268 300 334 354 363 193 187 146 137 103 95 53 33 486 521 0 
552 465 454 429 15 232 241 269 301 335 355 364 194 188 147 138 104 96 54 34 487 522 0 
553 537 477 427 405 2 233 251 284 293 324 359 363 201 169 166 128 110 90 54 31 495 518 
554 538 478 428 406 3 234 252 285 294 325 360 364 202 170 167 129 111 91 55 32 496 519 
555 539 479 429 407 4 235 253 286 295 326 337 365 203 171 168 130 112 92 56 33 497 520 
556 540 480 430 408 5 236 254 287 296 327 338 366 204 172 145 131 113 93 57 34 498 521 
557 541 457 431 385 6 237 255 288 297 328 339 367 205 173 146 132 114 94 58 35 499 522 
558 542 458 432 386 7 238 256 265 298 329 340 368 206 174 147 133 115 95 59 36 500 523 
559 543 459 409 387 8 239 257 266 299 330 341 369 207 175 148 134 116 96 60 37 501 524 
560 544 460 410 388 9 240 258 267 300 331 342 370 208 176 149 135 117 73 61 38 502 525 
561 545 461 411 389 10 217 259 268 301 332 343 371 209 177 150 136 118 74 62 39 503 526 
562 546 462 412 390 11 218 260 269 302 333 344 372 210 178 151 137 119 75 63 40 504 527 
563 547 463 413 391 12 219 261 270 303 334 345 373 211 179 152 138 120 76 64 41 481 528 
564 548 464 414 392 13 220 262 271 304 335 346 374 212 180 153 139 97 77 65 42 482 505 
565 549 465 415 393 14 221 263 272 305 336 347 375 213 181 154 140 98 78 66 43 483 506 
566 550 466 416 394 15 222 264 273 306 313 348 376 214 182 155 141 99 79 67 44 484 507 
567 551 467 417 395 16 223 241 274 307 314 349 377 215 183 156 142 100 80 68 45 485 508 
568 552 468 418 396 17 224 242 275 308 315 350 378 216 184 157 143 101 81 69 46 486 509 
569 529 469 419 397 18 225 243 276 309 316 351 379 193 185 158 144 102 82 70 47 487 510 
570 530 470 420 398 19 226 244 277 310 317 352 380 194 186 159 121 103 83 71 48 488 511 
571 531 471 421 399 20 227 245 278 311 318 353 381 195 187 160 122 104 84 72 25 489 512 
572 532 472 422 400 21 228 246 279 312 319 354 382 196 188 161 123 105 85 49 26 490 513 
573 533 473 423 401 22 229 247 280 289 320 355 383 197 189 162 124 106 86 50 27 491 514 
574 534 474 424 402 23 230 248 281 290 321 356 384 198 190 163 125 107 87 51 28 492 515 
575 535 475 425 403 24 231 249 282 291 322 357 361 199 191 164 126 108 88 52 29 493 516 
576 536 476 426 404 1 232 250 283 292 323 358 362 200 192 165 127 109 89 53 30 494 517 
577 574 551 501 513 0 0 0 0 0 0 0 0 0 0 0 0 0 0 0 0 0 0 
578 575 552 502 514 0 0 0 0 0 0 0 0 0 0 0 0 0 0 0 0 0 0 
579 576 529 503 515 0 0 0 0 0 0 0 0 0 0 0 0 0 0 0 0 0 0 
580 553 530 504 516 0 0 0 0 0 0 0 0 0 0 0 0 0 0 0 0 0 0 
581 554 531 481 517 0 0 0 0 0 0 0 0 0 0 0 0 0 0 0 0 0 0 
582 555 532 482 518 0 0 0 0 0 0 0 0 0 0 0 0 0 0 0 0 0 0 
583 556 533 483 519 0 0 0 0 0 0 0 0 0 0 0 0 0 0 0 0 0 0 
584 557 534 484 520 0 0 0 0 0 0 0 0 0 0 0 0 0 0 0 0 0 0 
585 558 535 485 521 0 0 0 0 0 0 0 0 0 0 0 0 0 0 0 0 0 0 
586 559 536 486 522 0 0 0 0 0 0 0 0 0 0 0 0 0 0 0 0 0 0 
587 560 537 487 523 0 0 0 0 0 0 0 0 0 0 0 0 0 0 0 0 0 0 
588 561 538 488 524 0 0 0 0 0 0 0 0 0 0 0 0 0 0 0 0 0 0 
589 562 539 489 525 0 0 0 0 0 0 0 0 0 0 0 0 0 0 0 0 0 0 
590 563 540 490 526 0 0 0 0 0 0 0 0 0 0 0 0 0 0 0 0 0 0 
591 564 541 491 527 0 0 0 0 0 0 0 0 0 0 0 0 0 0 0 0 0 0 
592 565 542 492 528 0 0 0 0 0 0 0 0 0 0 0 0 0 0 0 0 0 0 
593 566 543 493 505 0 0 0 0 0 0 0 0 0 0 0 0 0 0 0 0 0 0 
594 567 544 494 506 0 0 0 0 0 0 0 0 0 0 0 0 0 0 0 0 0 0 
595 568 545 495 507 0 0 0 0 0 0 0 0 0 0 0 0 0 0 0 0 0 0 
596 569 546 496 508 0 0 0 0 0 0 0 0 0 0 0 0 0 0 0 0 0 0 
597 570 547 497 509 0 0 0 0 0 0 0 0 0 0 0 0 0 0 0 0 0 0 
598 571 548 498 510 0 0 0 0 0 0 0 0 0 0 0 0 0 0 0 0 0 0 
599 572 549 499 511 0 0 0 0 0 0 0 0 0 0 0 0 0 0 0 0 0 0 
600 573 550 500 512 0 0 0 0 0 0 0 0 0 0 0 0 0 0 0 0 0 0 
601 496 517 0 0 0 0 0 0 0 0 0 0 0 0 0 0 0 0 0 0 0 0 
602 497 518 0 0 0 0 0 0 0 0 0 0 0 0 0 0 0 0 0 0 0 0 
603 498 519 0 0 0 0 0 0 0 0 0 0 0 0 0 0 0 0 0 0 0 0 
604 499 520 0 0 0 0 0 0 0 0 0 0 0 0 0 0 0 0 0 0 0 0 
605 500 521 0 0 0 0 0 0 0 0 0 0 0 0 0 0 0 0 0 0 0 0 
606 501 522 0 0 0 0 0 0 0 0 0 0 0 0 0 0 0 0 0 0 0 0 
607 502 523 0 0 0 0 0 0 0 0 0 0 0 0 0 0 0 0 0 0 0 0 
608 503 524 0 0 0 0 0 0 0 0 0 0 0 0 0 0 0 0 0 0 0 0 
609 504 525 0 0 0 0 0 0 0 0 0 0 0 0 0 0 0 0 0 0 0 0 
610 481 526 0 0 0 0 0 0 0 0 0 0 0 0 0 0 0 0 0 0 0 0 
611 482 527 0 0 0 0 0 0 0 0 0 0 0 0 0 0 0 0 0 0 0 0 
612 483 528 0 0 0 0 0 0 0 0 0 0 0 0 0 0 0 0 0 0 0 0 
613 484 505 0 0 0 0 0 0 0 0 0 0 0 0 0 0 0 0 0 0 0 0 
614 485 506 0 0 0 0 0 0 0 0 0 0 0 0 0 0 0 0 0 0 0 0 
615 486 507 0 0 0 0 0 0 0 0 0 0 0 0 0 0 0 0 0 0 0 0 
616 487 508 0 0 0 0 0 0 0 0 0 0 0 0 0 0 0 0 0 0 0 0 
617 488 509 0 0 0 0 0 0 0 0 0 0 0 0 0 0 0 0 0 0 0 0 
618 489 510 0 0 0 0 0 0 0 0 0 0 0 0 0 0 0 0 0 0 0 0 
619 490 511 0 0 0 0 0 0 0 0 0 0 0 0 0 0 0 0 0 0 0 0 
620 491 512 0 0 0 0 0 0 0 0 0 0 0 0 0 0 0 0 0 0 0 0 
621 492 513 0 0 0 0 0 0 0 0 0 0 0 0 0 0 0 0 0 0 0 0 
622 493 514 0 0 0 0 0 0 0 0 0 0 0 0 0 0 0 0 0 0 0 0 
623 494 515 0 0 0 0 0 0 0 0 0 0 0 0 0 0 0 0 0 0 0 0 
624 495 516 0 0 0 0 0 0 0 0 0 0 0 0 0 0 0 0 0 0 0 0 
