240 140 40
6 5
2 2 2 2 2 2 2 2 2 2 2 2 2 2 2 2 2 2 2 2 2 2 2 2 2 2 2 2 2 2 2 2 2 2 2 2 2 2 2 2 3 3 3 3 3 3 3 3 3 3 3 3 3 3 3 3 3 3 3 3 3 3 3 3 3 3 3 3 3 3 3 3 3 3 3 3 3 3 3 3 3 3 3 3 3 3 3 3 3 3 3 3 3 3 3 3 3 3 3 3 6 6 6 6 6 6 6 6 6 6 6 6 6 6 6 6 6 6 6 6 6 6 6 6 6 6 6 6 6 6 5 5 5 5 5 5 5 5 5 5 2 2 2 2 2 2 2 2 2 2 2 2 2 2 2 2 2 2 2 2 2 2 2 2 2 2 2 2 2 2 2 2 2 2 2 2 2 2 2 2 2 2 2 2 2 2 2 2 2 2 2 2 2 2 2 2 2 2 2 2 2 2 2 2 2 2 2 2 2 2 1 1 1 1 1 1 1 1 1 1 1 1 1 1 1 1 1 1 1 1 1 1 1 1 1 1 1 1 1 1 
4 4 4 4 4 4 4 4 4 4 5 5 5 5 5 5 5 5 5 5 5 5 5 5 5 5 5 5 5 5 5 5 5 5 5 5 5 5 5 5 5 5 5 5 5 5 5 5 5 5 5 5 5 5 5 5 5 5 5 5 5 5 5 5 5 5 5 5 5 5 5 5 5 5 5 5 5 5 5 5 5 5 5 5 5 5 5 5 5 5 5 5 5 5 5 5 5 5 5 5 5 5 5 5 5 5 5 5 5 5 4 4 4 4 4 4 4 4 4 4 4 4 4 4 4 4 4 4 4 4 4 4 4 4 4 4 4 4 4 4 
1 20 0 0 0 0 
2 11 0 0 0 0 
3 12 0 0 0 0 
4 13 0 0 0 0 
5 14 0 0 0 0 
6 15 0 0 0 0 
7 16 0 0 0 0 
8 17 0 0 0 0 
9 18 0 0 0 0 
10 19 0 0 0 0 
11 25 0 0 0 0 
12 26 0 0 0 0 
13 27 0 0 0 0 
14 28 0 0 0 0 
15 29 0 0 0 0 
16 30 0 0 0 0 
17 21 0 0 0 0 
18 22 0 0 0 0 
19 23 0 0 0 0 
20 24 0 0 0 0 
21 38 0 0 0 0 
22 39 0 0 0 0 
23 40 0 0 0 0 
24 31 0 0 0 0 
25 32 0 0 0 0 
26 33 0 0 0 0 
27 34 0 0 0 0 
28 35 0 0 0 0 
29 36 0 0 0 0 
30 37 0 0 0 0 
31 47 0 0 0 0 
32 48 0 0 0 0 
33 49 0 0 0 0 
34 50 0 0 0 0 
35 41 0 0 0 0 
36 42 0 0 0 0 
37 43 0 0 0 0 
38 44 0 0 0 0 
39 45 0 0 0 0 
40 46 0 0 0 0 
1 46 70 0 0 0 
2 47 61 0 0 0 
3 48 62 0 0 0 
4 49 63 0 0 0 
5 50 64 0 0 0 
6 41 65 0 0 0 
7 42 66 0 0 0 
8 43 67 0 0 0 
9 44 68 0 0 0 
10 45 69 0 0 0 
11 59 78 0 0 0 
12 60 79 0 0 0 
13 51 80 0 0 0 
14 52 71 0 0 0 
15 53 72 0 0 0 
16 54 73 0 0 0 
17 55 74 0 0 0 
18 56 75 0 0 0 
19 57 76 0 0 0 
20 58 77 0 0 0 
21 61 85 0 0 0 
22 62 86 0 0 0 
23 63 87 0 0 0 
24 64 88 0 0 0 
25 65 89 0 0 0 
26 66 90 0 0 0 
27 67 81 0 0 0 
28 68 82 0 0 0 
29 69 83 0 0 0 
30 70 84 0 0 0 
31 79 91 0 0 0 
32 80 92 0 0 0 
33 71 93 0 0 0 
34 72 94 0 0 0 
35 73 95 0 0 0 
36 74 96 0 0 0 
37 75 97 0 0 0 
38 76 98 0 0 0 
39 77 99 0 0 0 
40 78 100 0 0 0 
1 28 89 0 0 0 
2 29 90 0 0 0 
3 30 81 0 0 0 
4 21 82 0 0 0 
5 22 83 0 0 0 
6 23 84 0 0 0 
7 24 85 0 0 0 
8 25 86 0 0 0 
9 26 87 0 0 0 
10 27 88 0 0 0 
11 34 95 0 0 0 
12 35 96 0 0 0 
13 36 97 0 0 0 
14 37 98 0 0 0 
15 38 99 0 0 0 
16 39 100 0 0 0 
17 40 91 0 0 0 
18 31 92 0 0 0 
19 32 93 0 0 0 
20 33 94 0 0 0 
1 43 61 110 116 125 
2 44 62 101 117 126 
3 45 63 102 118 127 
4 46 64 103 119 128 
5 47 65 104 120 129 
6 48 66 105 111 130 
7 49 67 106 112 121 
8 50 68 107 113 122 
9 41 69 108 114 123 
10 42 70 109 115 124 
11 53 74 113 124 138 
12 54 75 114 125 139 
13 55 76 115 126 140 
14 56 77 116 127 131 
15 57 78 117 128 132 
16 58 79 118 129 133 
17 59 80 119 130 134 
18 60 71 120 121 135 
19 51 72 111 122 136 
20 52 73 112 123 137 
21 48 88 107 121 140 
22 49 89 108 122 131 
23 50 90 109 123 132 
24 41 81 110 124 133 
25 42 82 101 125 134 
26 43 83 102 126 135 
27 44 84 103 127 136 
28 45 85 104 128 137 
29 46 86 105 129 138 
30 47 87 106 130 139 
31 53 100 103 137 0 
32 54 91 104 138 0 
33 55 92 105 139 0 
34 56 93 106 140 0 
35 57 94 107 131 0 
36 58 95 108 132 0 
37 59 96 109 133 0 
38 60 97 110 134 0 
39 51 98 101 135 0 
40 52 99 102 136 0 
41 51 0 0 0 0 
42 52 0 0 0 0 
43 53 0 0 0 0 
44 54 0 0 0 0 
45 55 0 0 0 0 
46 56 0 0 0 0 
47 57 0 0 0 0 
48 58 0 0 0 0 
49 59 0 0 0 0 
50 60 0 0 0 0 
51 61 0 0 0 0 
52 62 0 0 0 0 
53 63 0 0 0 0 
54 64 0 0 0 0 
55 65 0 0 0 0 
56 66 0 0 0 0 
57 67 0 0 0 0 
58 68 0 0 0 0 
59 69 0 0 0 0 
60 70 0 0 0 0 
61 71 0 0 0 0 
62 72 0 0 0 0 
63 73 0 0 0 0 
64 74 0 0 0 0 
65 75 0 0 0 0 
66 76 0 0 0 0 
67 77 0 0 0 0 
68 78 0 0 0 0 
69 79 0 0 0 0 
70 80 0 0 0 0 
71 81 0 0 0 0 
72 82 0 0 0 0 
73 83 0 0 0 0 
74 84 0 0 0 0 
75 85 0 0 0 0 
76 86 0 0 0 0 
77 87 0 0 0 0 
78 88 0 0 0 0 
79 89 0 0 0 0 
80 90 0 0 0 0 
81 91 0 0 0 0 
82 92 0 0 0 0 
83 93 0 0 0 0 
84 94 0 0 0 0 
85 95 0 0 0 0 
86 96 0 0 0 0 
87 97 0 0 0 0 
88 98 0 0 0 0 
89 99 0 0 0 0 
90 100 0 0 0 0 
91 101 0 0 0 0 
92 102 0 0 0 0 
93 103 0 0 0 0 
94 104 0 0 0 0 
95 105 0 0 0 0 
96 106 0 0 0 0 
97 107 0 0 0 0 
98 108 0 0 0 0 
99 109 0 0 0 0 
100 110 0 0 0 0 
101 116 0 0 0 0 
102 117 0 0 0 0 
103 118 0 0 0 0 
104 119 0 0 0 0 
105 120 0 0 0 0 
106 111 0 0 0 0 
107 112 0 0 0 0 
108 113 0 0 0 0 
109 114 0 0 0 0 
110 115 0 0 0 0 
111 0 0 0 0 0 
112 0 0 0 0 0 
113 0 0 0 0 0 
114 0 0 0 0 0 
115 0 0 0 0 0 
116 0 0 0 0 0 
117 0 0 0 0 0 
118 0 0 0 0 0 
119 0 0 0 0 0 
120 0 0 0 0 0 
121 0 0 0 0 0 
122 0 0 0 0 0 
123 0 0 0 0 0 
124 0 0 0 0 0 
125 0 0 0 0 0 
126 0 0 0 0 0 
127 0 0 0 0 0 
128 0 0 0 0 0 
129 0 0 0 0 0 
130 0 0 0 0 0 
131 0 0 0 0 0 
132 0 0 0 0 0 
133 0 0 0 0 0 
134 0 0 0 0 0 
135 0 0 0 0 0 
136 0 0 0 0 0 
137 0 0 0 0 0 
138 0 0 0 0 0 
139 0 0 0 0 0 
140 0 0 0 0 0 
101 1 41 81 0 
102 2 42 82 0 
103 3 43 83 0 
104 4 44 84 0 
105 5 45 85 0 
106 6 46 86 0 
107 7 47 87 0 
108 8 48 88 0 
109 9 49 89 0 
110 10 50 90 0 
111 2 11 91 51 
112 3 12 92 52 
113 4 13 93 53 
114 5 14 94 54 
115 6 15 95 55 
116 7 16 96 56 
117 8 17 97 57 
118 9 18 98 58 
119 10 19 99 59 
120 1 20 100 60 
121 17 21 84 61 
122 18 22 85 62 
123 19 23 86 63 
124 20 24 87 64 
125 11 25 88 65 
126 12 26 89 66 
127 13 27 90 67 
128 14 28 81 68 
129 15 29 82 69 
130 16 30 83 70 
131 24 31 98 71 
132 25 32 99 72 
133 26 33 100 73 
134 27 34 91 74 
135 28 35 92 75 
136 29 36 93 76 
137 30 37 94 77 
138 21 38 95 78 
139 22 39 96 79 
140 23 40 97 80 
141 35 46 124 109 
142 36 47 125 110 
143 37 48 126 101 
144 38 49 127 102 
145 39 50 128 103 
146 40 41 129 104 
147 31 42 130 105 
148 32 43 121 106 
149 33 44 122 107 
150 34 45 123 108 
141 151 53 139 119 
142 152 54 140 120 
143 153 55 131 111 
144 154 56 132 112 
145 155 57 133 113 
146 156 58 134 114 
147 157 59 135 115 
148 158 60 136 116 
149 159 51 137 117 
150 160 52 138 118 
151 161 42 61 101 
152 162 43 62 102 
153 163 44 63 103 
154 164 45 64 104 
155 165 46 65 105 
156 166 47 66 106 
157 167 48 67 107 
158 168 49 68 108 
159 169 50 69 109 
160 170 41 70 110 
161 171 73 54 118 
162 172 74 55 119 
163 173 75 56 120 
164 174 76 57 111 
165 175 77 58 112 
166 176 78 59 113 
167 177 79 60 114 
168 178 80 51 115 
169 179 71 52 116 
170 180 72 53 117 
171 181 83 67 124 
172 182 84 68 125 
173 183 85 69 126 
174 184 86 70 127 
175 185 87 61 128 
176 186 88 62 129 
177 187 89 63 130 
178 188 90 64 121 
179 189 81 65 122 
180 190 82 66 123 
181 191 97 71 132 
182 192 98 72 133 
183 193 99 73 134 
184 194 100 74 135 
185 195 91 75 136 
186 196 92 76 137 
187 197 93 77 138 
188 198 94 78 139 
189 199 95 79 140 
190 200 96 80 131 
191 201 139 125 102 
192 202 140 126 103 
193 203 131 127 104 
194 204 132 128 105 
195 205 133 129 106 
196 206 134 130 107 
197 207 135 121 108 
198 208 136 122 109 
199 209 137 123 110 
200 210 138 124 101 
211 206 119 106 0 
212 207 120 107 0 
213 208 111 108 0 
214 209 112 109 0 
215 210 113 110 0 
216 201 114 101 0 
217 202 115 102 0 
218 203 116 103 0 
219 204 117 104 0 
220 205 118 105 0 
221 121 118 107 0 
222 122 119 108 0 
223 123 120 109 0 
224 124 111 110 0 
225 125 112 101 0 
226 126 113 102 0 
227 127 114 103 0 
228 128 115 104 0 
229 129 116 105 0 
230 130 117 106 0 
231 135 122 114 0 
232 136 123 115 0 
233 137 124 116 0 
234 138 125 117 0 
235 139 126 118 0 
236 140 127 119 0 
237 131 128 120 0 
238 132 129 111 0 
239 133 130 112 0 
240 134 121 113 0 
