1008 588 168
6 5
2 2 2 2 2 2 2 2 2 2 2 2 2 2 2 2 2 2 2 2 2 2 2 2 2 2 2 2 2 2 2 2 2 2 2 2 2 2 2 2 2 2 2 2 2 2 2 2 2 2 2 2 2 2 2 2 2 2 2 2 2 2 2 2 2 2 2 2 2 2 2 2 2 2 2 2 2 2 2 2 2 2 2 2 2 2 2 2 2 2 2 2 2 2 2 2 2 2 2 2 2 2 2 2 2 2 2 2 2 2 2 2 2 2 2 2 2 2 2 2 2 2 2 2 2 2 2 2 2 2 2 2 2 2 2 2 2 2 2 2 2 2 2 2 2 2 2 2 2 2 2 2 2 2 2 2 2 2 2 2 2 2 2 2 2 2 2 2 3 3 3 3 3 3 3 3 3 3 3 3 3 3 3 3 3 3 3 3 3 3 3 3 3 3 3 3 3 3 3 3 3 3 3 3 3 3 3 3 3 3 3 3 3 3 3 3 3 3 3 3 3 3 3 3 3 3 3 3 3 3 3 3 3 3 3 3 3 3 3 3 3 3 3 3 3 3 3 3 3 3 3 3 3 3 3 3 3 3 3 3 3 3 3 3 3 3 3 3 3 3 3 3 3 3 3 3 3 3 3 3 3 3 3 3 3 3 3 3 3 3 3 3 3 3 3 3 3 3 3 3 3 3 3 3 3 3 3 3 3 3 3 3 3 3 3 3 3 3 3 3 3 3 3 3 3 3 3 3 3 3 3 3 3 3 3 3 3 3 3 3 3 3 3 3 3 3 3 3 3 3 3 3 3 3 3 3 3 3 3 3 3 3 3 3 3 3 3 3 3 3 3 3 3 3 3 3 3 3 3 3 3 3 3 3 3 3 3 3 3 3 3 3 3 3 3 3 3 3 3 3 3 3 3 3 3 3 3 3 3 3 3 3 3 3 3 3 3 3 3 3 6 6 6 6 6 6 6 6 6 6 6 6 6 6 6 6 6 6 6 6 6 6 6 6 6 6 6 6 6 6 6 6 6 6 6 6 6 6 6 6 6 6 6 6 6 6 6 6 6 6 6 6 6 6 6 6 6 6 6 6 6 6 6 6 6 6 6 6 6 6 6 6 6 6 6 6 6 6 6 6 6 6 6 6 6 6 6 6 6 6 6 6 6 6 6 6 6 6 6 6 6 6 6 6 6 6 6 6 6 6 6 6 6 6 6 6 6 6 6 6 6 6 6 6 6 6 5 5 5 5 5 5 5 5 5 5 5 5 5 5 5 5 5 5 5 5 5 5 5 5 5 5 5 5 5 5 5 5 5 5 5 5 5 5 5 5 5 5 2 2 2 2 2 2 2 2 2 2 2 2 2 2 2 2 2 2 2 2 2 2 2 2 2 2 2 2 2 2 2 2 2 2 2 2 2 2 2 2 2 2 2 2 2 2 2 2 2 2 2 2 2 2 2 2 2 2 2 2 2 2 2 2 2 2 2 2 2 2 2 2 2 2 2 2 2 2 2 2 2 2 2 2 2 2 2 2 2 2 2 2 2 2 2 2 2 2 2 2 2 2 2 2 2 2 2 2 2 2 2 2 2 2 2 2 2 2 2 2 2 2 2 2 2 2 2 2 2 2 2 2 2 2 2 2 2 2 2 2 2 2 2 2 2 2 2 2 2 2 2 2 2 2 2 2 2 2 2 2 2 2 2 2 2 2 2 2 2 2 2 2 2 2 2 2 2 2 2 2 2 2 2 2 2 2 2 2 2 2 2 2 2 2 2 2 2 2 2 2 2 2 2 2 2 2 2 2 2 2 2 2 2 2 2 2 2 2 2 2 2 2 2 2 2 2 2 2 2 2 2 2 2 2 2 2 2 2 2 2 2 2 2 2 2 2 2 2 2 2 2 2 2 2 2 2 2 2 2 2 2 2 2 2 2 2 2 2 2 2 2 2 2 2 2 2 2 2 2 2 2 2 2 2 2 2 2 2 2 2 2 2 2 2 1 1 1 1 1 1 1 1 1 1 1 1 1 1 1 1 1 1 1 1 1 1 1 1 1 1 1 1 1 1 1 1 1 1 1 1 1 1 1 1 1 1 1 1 1 1 1 1 1 1 1 1 1 1 1 1 1 1 1 1 1 1 1 1 1 1 1 1 1 1 1 1 1 1 1 1 1 1 1 1 1 1 1 1 1 1 1 1 1 1 1 1 1 1 1 1 1 1 1 1 1 1 1 1 1 1 1 1 1 1 1 1 1 1 1 1 1 1 1 1 1 1 1 1 1 1 
4 4 4 4 4 4 4 4 4 4 4 4 4 4 4 4 4 4 4 4 4 4 4 4 4 4 4 4 4 4 4 4 4 4 4 4 4 4 4 4 4 4 5 5 5 5 5 5 5 5 5 5 5 5 5 5 5 5 5 5 5 5 5 5 5 5 5 5 5 5 5 5 5 5 5 5 5 5 5 5 5 5 5 5 5 5 5 5 5 5 5 5 5 5 5 5 5 5 5 5 5 5 5 5 5 5 5 5 5 5 5 5 5 5 5 5 5 5 5 5 5 5 5 5 5 5 5 5 5 5 5 5 5 5 5 5 5 5 5 5 5 5 5 5 5 5 5 5 5 5 5 5 5 5 5 5 5 5 5 5 5 5 5 5 5 5 5 5 5 5 5 5 5 5 5 5 5 5 5 5 5 5 5 5 5 5 5 5 5 5 5 5 5 5 5 5 5 5 5 5 5 5 5 5 5 5 5 5 5 5 5 5 5 5 5 5 5 5 5 5 5 5 5 5 5 5 5 5 5 5 5 5 5 5 5 5 5 5 5 5 5 5 5 5 5 5 5 5 5 5 5 5 5 5 5 5 5 5 5 5 5 5 5 5 5 5 5 5 5 5 5 5 5 5 5 5 5 5 5 5 5 5 5 5 5 5 5 5 5 5 5 5 5 5 5 5 5 5 5 5 5 5 5 5 5 5 5 5 5 5 5 5 5 5 5 5 5 5 5 5 5 5 5 5 5 5 5 5 5 5 5 5 5 5 5 5 5 5 5 5 5 5 5 5 5 5 5 5 5 5 5 5 5 5 5 5 5 5 5 5 5 5 5 5 5 5 5 5 5 5 5 5 5 5 5 5 5 5 5 5 5 5 5 5 5 5 5 5 5 5 5 5 5 5 5 5 5 5 5 5 5 5 5 5 5 5 5 5 5 5 5 5 5 5 5 5 5 5 5 5 5 5 5 5 5 5 5 5 5 5 5 5 5 5 5 5 5 5 5 5 5 5 5 5 5 5 5 5 5 5 5 5 5 5 5 5 5 5 5 5 5 5 4 4 4 4 4 4 4 4 4 4 4 4 4 4 4 4 4 4 4 4 4 4 4 4 4 4 4 4 4 4 4 4 4 4 4 4 4 4 4 4 4 4 4 4 4 4 4 4 4 4 4 4 4 4 4 4 4 4 4 4 4 4 4 4 4 4 4 4 4 4 4 4 4 4 4 4 4 4 4 4 4 4 4 4 4 4 4 4 4 4 4 4 4 4 4 4 4 4 4 4 4 4 4 4 4 4 4 4 4 4 4 4 4 4 4 4 4 4 4 4 4 4 4 4 4 4 
1 84 0 0 0 0 
2 43 0 0 0 0 
3 44 0 0 0 0 
4 45 0 0 0 0 
5 46 0 0 0 0 
6 47 0 0 0 0 
7 48 0 0 0 0 
8 49 0 0 0 0 
9 50 0 0 0 0 
10 51 0 0 0 0 
11 52 0 0 0 0 
12 53 0 0 0 0 
13 54 0 0 0 0 
14 55 0 0 0 0 
15 56 0 0 0 0 
16 57 0 0 0 0 
17 58 0 0 0 0 
18 59 0 0 0 0 
19 60 0 0 0 0 
20 61 0 0 0 0 
21 62 0 0 0 0 
22 63 0 0 0 0 
23 64 0 0 0 0 
24 65 0 0 0 0 
25 66 0 0 0 0 
26 67 0 0 0 0 
27 68 0 0 0 0 
28 69 0 0 0 0 
29 70 0 0 0 0 
30 71 0 0 0 0 
31 72 0 0 0 0 
32 73 0 0 0 0 
33 74 0 0 0 0 
34 75 0 0 0 0 
35 76 0 0 0 0 
36 77 0 0 0 0 
37 78 0 0 0 0 
38 79 0 0 0 0 
39 80 0 0 0 0 
40 81 0 0 0 0 
41 82 0 0 0 0 
42 83 0 0 0 0 
43 105 0 0 0 0 
44 106 0 0 0 0 
45 107 0 0 0 0 
46 108 0 0 0 0 
47 109 0 0 0 0 
48 110 0 0 0 0 
49 111 0 0 0 0 
50 112 0 0 0 0 
51 113 0 0 0 0 
52 114 0 0 0 0 
53 115 0 0 0 0 
54 116 0 0 0 0 
55 117 0 0 0 0 
56 118 0 0 0 0 
57 119 0 0 0 0 
58 120 0 0 0 0 
59 121 0 0 0 0 
60 122 0 0 0 0 
61 123 0 0 0 0 
62 124 0 0 0 0 
63 125 0 0 0 0 
64 126 0 0 0 0 
65 85 0 0 0 0 
66 86 0 0 0 0 
67 87 0 0 0 0 
68 88 0 0 0 0 
69 89 0 0 0 0 
70 90 0 0 0 0 
71 91 0 0 0 0 
72 92 0 0 0 0 
73 93 0 0 0 0 
74 94 0 0 0 0 
75 95 0 0 0 0 
76 96 0 0 0 0 
77 97 0 0 0 0 
78 98 0 0 0 0 
79 99 0 0 0 0 
80 100 0 0 0 0 
81 101 0 0 0 0 
82 102 0 0 0 0 
83 103 0 0 0 0 
84 104 0 0 0 0 
85 157 0 0 0 0 
86 158 0 0 0 0 
87 159 0 0 0 0 
88 160 0 0 0 0 
89 161 0 0 0 0 
90 162 0 0 0 0 
91 163 0 0 0 0 
92 164 0 0 0 0 
93 165 0 0 0 0 
94 166 0 0 0 0 
95 167 0 0 0 0 
96 168 0 0 0 0 
97 127 0 0 0 0 
98 128 0 0 0 0 
99 129 0 0 0 0 
100 130 0 0 0 0 
101 131 0 0 0 0 
102 132 0 0 0 0 
103 133 0 0 0 0 
104 134 0 0 0 0 
105 135 0 0 0 0 
106 136 0 0 0 0 
107 137 0 0 0 0 
108 138 0 0 0 0 
109 139 0 0 0 0 
110 140 0 0 0 0 
111 141 0 0 0 0 
112 142 0 0 0 0 
113 143 0 0 0 0 
114 144 0 0 0 0 
115 145 0 0 0 0 
116 146 0 0 0 0 
117 147 0 0 0 0 
118 148 0 0 0 0 
119 149 0 0 0 0 
120 150 0 0 0 0 
121 151 0 0 0 0 
122 152 0 0 0 0 
123 153 0 0 0 0 
124 154 0 0 0 0 
125 155 0 0 0 0 
126 156 0 0 0 0 
127 191 0 0 0 0 
128 192 0 0 0 0 
129 193 0 0 0 0 
130 194 0 0 0 0 
131 195 0 0 0 0 
132 196 0 0 0 0 
133 197 0 0 0 0 
134 198 0 0 0 0 
135 199 0 0 0 0 
136 200 0 0 0 0 
137 201 0 0 0 0 
138 202 0 0 0 0 
139 203 0 0 0 0 
140 204 0 0 0 0 
141 205 0 0 0 0 
142 206 0 0 0 0 
143 207 0 0 0 0 
144 208 0 0 0 0 
145 209 0 0 0 0 
146 210 0 0 0 0 
147 169 0 0 0 0 
148 170 0 0 0 0 
149 171 0 0 0 0 
150 172 0 0 0 0 
151 173 0 0 0 0 
152 174 0 0 0 0 
153 175 0 0 0 0 
154 176 0 0 0 0 
155 177 0 0 0 0 
156 178 0 0 0 0 
157 179 0 0 0 0 
158 180 0 0 0 0 
159 181 0 0 0 0 
160 182 0 0 0 0 
161 183 0 0 0 0 
162 184 0 0 0 0 
163 185 0 0 0 0 
164 186 0 0 0 0 
165 187 0 0 0 0 
166 188 0 0 0 0 
167 189 0 0 0 0 
168 190 0 0 0 0 
1 193 270 0 0 0 
2 194 271 0 0 0 
3 195 272 0 0 0 
4 196 273 0 0 0 
5 197 274 0 0 0 
6 198 275 0 0 0 
7 199 276 0 0 0 
8 200 277 0 0 0 
9 201 278 0 0 0 
10 202 279 0 0 0 
11 203 280 0 0 0 
12 204 281 0 0 0 
13 205 282 0 0 0 
14 206 283 0 0 0 
15 207 284 0 0 0 
16 208 285 0 0 0 
17 209 286 0 0 0 
18 210 287 0 0 0 
19 169 288 0 0 0 
20 170 289 0 0 0 
21 171 290 0 0 0 
22 172 291 0 0 0 
23 173 292 0 0 0 
24 174 293 0 0 0 
25 175 294 0 0 0 
26 176 253 0 0 0 
27 177 254 0 0 0 
28 178 255 0 0 0 
29 179 256 0 0 0 
30 180 257 0 0 0 
31 181 258 0 0 0 
32 182 259 0 0 0 
33 183 260 0 0 0 
34 184 261 0 0 0 
35 185 262 0 0 0 
36 186 263 0 0 0 
37 187 264 0 0 0 
38 188 265 0 0 0 
39 189 266 0 0 0 
40 190 267 0 0 0 
41 191 268 0 0 0 
42 192 269 0 0 0 
43 251 326 0 0 0 
44 252 327 0 0 0 
45 211 328 0 0 0 
46 212 329 0 0 0 
47 213 330 0 0 0 
48 214 331 0 0 0 
49 215 332 0 0 0 
50 216 333 0 0 0 
51 217 334 0 0 0 
52 218 335 0 0 0 
53 219 336 0 0 0 
54 220 295 0 0 0 
55 221 296 0 0 0 
56 222 297 0 0 0 
57 223 298 0 0 0 
58 224 299 0 0 0 
59 225 300 0 0 0 
60 226 301 0 0 0 
61 227 302 0 0 0 
62 228 303 0 0 0 
63 229 304 0 0 0 
64 230 305 0 0 0 
65 231 306 0 0 0 
66 232 307 0 0 0 
67 233 308 0 0 0 
68 234 309 0 0 0 
69 235 310 0 0 0 
70 236 311 0 0 0 
71 237 312 0 0 0 
72 238 313 0 0 0 
73 239 314 0 0 0 
74 240 315 0 0 0 
75 241 316 0 0 0 
76 242 317 0 0 0 
77 243 318 0 0 0 
78 244 319 0 0 0 
79 245 320 0 0 0 
80 246 321 0 0 0 
81 247 322 0 0 0 
82 248 323 0 0 0 
83 249 324 0 0 0 
84 250 325 0 0 0 
85 282 354 0 0 0 
86 283 355 0 0 0 
87 284 356 0 0 0 
88 285 357 0 0 0 
89 286 358 0 0 0 
90 287 359 0 0 0 
91 288 360 0 0 0 
92 289 361 0 0 0 
93 290 362 0 0 0 
94 291 363 0 0 0 
95 292 364 0 0 0 
96 293 365 0 0 0 
97 294 366 0 0 0 
98 253 367 0 0 0 
99 254 368 0 0 0 
100 255 369 0 0 0 
101 256 370 0 0 0 
102 257 371 0 0 0 
103 258 372 0 0 0 
104 259 373 0 0 0 
105 260 374 0 0 0 
106 261 375 0 0 0 
107 262 376 0 0 0 
108 263 377 0 0 0 
109 264 378 0 0 0 
110 265 337 0 0 0 
111 266 338 0 0 0 
112 267 339 0 0 0 
113 268 340 0 0 0 
114 269 341 0 0 0 
115 270 342 0 0 0 
116 271 343 0 0 0 
117 272 344 0 0 0 
118 273 345 0 0 0 
119 274 346 0 0 0 
120 275 347 0 0 0 
121 276 348 0 0 0 
122 277 349 0 0 0 
123 278 350 0 0 0 
124 279 351 0 0 0 
125 280 352 0 0 0 
126 281 353 0 0 0 
127 330 380 0 0 0 
128 331 381 0 0 0 
129 332 382 0 0 0 
130 333 383 0 0 0 
131 334 384 0 0 0 
132 335 385 0 0 0 
133 336 386 0 0 0 
134 295 387 0 0 0 
135 296 388 0 0 0 
136 297 389 0 0 0 
137 298 390 0 0 0 
138 299 391 0 0 0 
139 300 392 0 0 0 
140 301 393 0 0 0 
141 302 394 0 0 0 
142 303 395 0 0 0 
143 304 396 0 0 0 
144 305 397 0 0 0 
145 306 398 0 0 0 
146 307 399 0 0 0 
147 308 400 0 0 0 
148 309 401 0 0 0 
149 310 402 0 0 0 
150 311 403 0 0 0 
151 312 404 0 0 0 
152 313 405 0 0 0 
153 314 406 0 0 0 
154 315 407 0 0 0 
155 316 408 0 0 0 
156 317 409 0 0 0 
157 318 410 0 0 0 
158 319 411 0 0 0 
159 320 412 0 0 0 
160 321 413 0 0 0 
161 322 414 0 0 0 
162 323 415 0 0 0 
163 324 416 0 0 0 
164 325 417 0 0 0 
165 326 418 0 0 0 
166 327 419 0 0 0 
167 328 420 0 0 0 
168 329 379 0 0 0 
1 116 338 0 0 0 
2 117 339 0 0 0 
3 118 340 0 0 0 
4 119 341 0 0 0 
5 120 342 0 0 0 
6 121 343 0 0 0 
7 122 344 0 0 0 
8 123 345 0 0 0 
9 124 346 0 0 0 
10 125 347 0 0 0 
11 126 348 0 0 0 
12 85 349 0 0 0 
13 86 350 0 0 0 
14 87 351 0 0 0 
15 88 352 0 0 0 
16 89 353 0 0 0 
17 90 354 0 0 0 
18 91 355 0 0 0 
19 92 356 0 0 0 
20 93 357 0 0 0 
21 94 358 0 0 0 
22 95 359 0 0 0 
23 96 360 0 0 0 
24 97 361 0 0 0 
25 98 362 0 0 0 
26 99 363 0 0 0 
27 100 364 0 0 0 
28 101 365 0 0 0 
29 102 366 0 0 0 
30 103 367 0 0 0 
31 104 368 0 0 0 
32 105 369 0 0 0 
33 106 370 0 0 0 
34 107 371 0 0 0 
35 108 372 0 0 0 
36 109 373 0 0 0 
37 110 374 0 0 0 
38 111 375 0 0 0 
39 112 376 0 0 0 
40 113 377 0 0 0 
41 114 378 0 0 0 
42 115 337 0 0 0 
43 139 391 0 0 0 
44 140 392 0 0 0 
45 141 393 0 0 0 
46 142 394 0 0 0 
47 143 395 0 0 0 
48 144 396 0 0 0 
49 145 397 0 0 0 
50 146 398 0 0 0 
51 147 399 0 0 0 
52 148 400 0 0 0 
53 149 401 0 0 0 
54 150 402 0 0 0 
55 151 403 0 0 0 
56 152 404 0 0 0 
57 153 405 0 0 0 
58 154 406 0 0 0 
59 155 407 0 0 0 
60 156 408 0 0 0 
61 157 409 0 0 0 
62 158 410 0 0 0 
63 159 411 0 0 0 
64 160 412 0 0 0 
65 161 413 0 0 0 
66 162 414 0 0 0 
67 163 415 0 0 0 
68 164 416 0 0 0 
69 165 417 0 0 0 
70 166 418 0 0 0 
71 167 419 0 0 0 
72 168 420 0 0 0 
73 127 379 0 0 0 
74 128 380 0 0 0 
75 129 381 0 0 0 
76 130 382 0 0 0 
77 131 383 0 0 0 
78 132 384 0 0 0 
79 133 385 0 0 0 
80 134 386 0 0 0 
81 135 387 0 0 0 
82 136 388 0 0 0 
83 137 389 0 0 0 
84 138 390 0 0 0 
1 179 281 449 496 507 
2 180 282 450 497 508 
3 181 283 451 498 509 
4 182 284 452 499 510 
5 183 285 453 500 511 
6 184 286 454 501 512 
7 185 287 455 502 513 
8 186 288 456 503 514 
9 187 289 457 504 515 
10 188 290 458 463 516 
11 189 291 459 464 517 
12 190 292 460 465 518 
13 191 293 461 466 519 
14 192 294 462 467 520 
15 193 253 421 468 521 
16 194 254 422 469 522 
17 195 255 423 470 523 
18 196 256 424 471 524 
19 197 257 425 472 525 
20 198 258 426 473 526 
21 199 259 427 474 527 
22 200 260 428 475 528 
23 201 261 429 476 529 
24 202 262 430 477 530 
25 203 263 431 478 531 
26 204 264 432 479 532 
27 205 265 433 480 533 
28 206 266 434 481 534 
29 207 267 435 482 535 
30 208 268 436 483 536 
31 209 269 437 484 537 
32 210 270 438 485 538 
33 169 271 439 486 539 
34 170 272 440 487 540 
35 171 273 441 488 541 
36 172 274 442 489 542 
37 173 275 443 490 543 
38 174 276 444 491 544 
39 175 277 445 492 545 
40 176 278 446 493 546 
41 177 279 447 494 505 
42 178 280 448 495 506 
43 237 311 468 515 579 
44 238 312 469 516 580 
45 239 313 470 517 581 
46 240 314 471 518 582 
47 241 315 472 519 583 
48 242 316 473 520 584 
49 243 317 474 521 585 
50 244 318 475 522 586 
51 245 319 476 523 587 
52 246 320 477 524 588 
53 247 321 478 525 547 
54 248 322 479 526 548 
55 249 323 480 527 549 
56 250 324 481 528 550 
57 251 325 482 529 551 
58 252 326 483 530 552 
59 211 327 484 531 553 
60 212 328 485 532 554 
61 213 329 486 533 555 
62 214 330 487 534 556 
63 215 331 488 535 557 
64 216 332 489 536 558 
65 217 333 490 537 559 
66 218 334 491 538 560 
67 219 335 492 539 561 
68 220 336 493 540 562 
69 221 295 494 541 563 
70 222 296 495 542 564 
71 223 297 496 543 565 
72 224 298 497 544 566 
73 225 299 498 545 567 
74 226 300 499 546 568 
75 227 301 500 505 569 
76 228 302 501 506 570 
77 229 303 502 507 571 
78 230 304 503 508 572 
79 231 305 504 509 573 
80 232 306 463 510 574 
81 233 307 464 511 575 
82 234 308 465 512 576 
83 235 309 466 513 577 
84 236 310 467 514 578 
85 176 338 424 505 587 
86 177 339 425 506 588 
87 178 340 426 507 547 
88 179 341 427 508 548 
89 180 342 428 509 549 
90 181 343 429 510 550 
91 182 344 430 511 551 
92 183 345 431 512 552 
93 184 346 432 513 553 
94 185 347 433 514 554 
95 186 348 434 515 555 
96 187 349 435 516 556 
97 188 350 436 517 557 
98 189 351 437 518 558 
99 190 352 438 519 559 
100 191 353 439 520 560 
101 192 354 440 521 561 
102 193 355 441 522 562 
103 194 356 442 523 563 
104 195 357 443 524 564 
105 196 358 444 525 565 
106 197 359 445 526 566 
107 198 360 446 527 567 
108 199 361 447 528 568 
109 200 362 448 529 569 
110 201 363 449 530 570 
111 202 364 450 531 571 
112 203 365 451 532 572 
113 204 366 452 533 573 
114 205 367 453 534 574 
115 206 368 454 535 575 
116 207 369 455 536 576 
117 208 370 456 537 577 
118 209 371 457 538 578 
119 210 372 458 539 579 
120 169 373 459 540 580 
121 170 374 460 541 581 
122 171 375 461 542 582 
123 172 376 462 543 583 
124 173 377 421 544 584 
125 174 378 422 545 585 
126 175 337 423 546 586 
127 250 393 444 572 0 
128 251 394 445 573 0 
129 252 395 446 574 0 
130 211 396 447 575 0 
131 212 397 448 576 0 
132 213 398 449 577 0 
133 214 399 450 578 0 
134 215 400 451 579 0 
135 216 401 452 580 0 
136 217 402 453 581 0 
137 218 403 454 582 0 
138 219 404 455 583 0 
139 220 405 456 584 0 
140 221 406 457 585 0 
141 222 407 458 586 0 
142 223 408 459 587 0 
143 224 409 460 588 0 
144 225 410 461 547 0 
145 226 411 462 548 0 
146 227 412 421 549 0 
147 228 413 422 550 0 
148 229 414 423 551 0 
149 230 415 424 552 0 
150 231 416 425 553 0 
151 232 417 426 554 0 
152 233 418 427 555 0 
153 234 419 428 556 0 
154 235 420 429 557 0 
155 236 379 430 558 0 
156 237 380 431 559 0 
157 238 381 432 560 0 
158 239 382 433 561 0 
159 240 383 434 562 0 
160 241 384 435 563 0 
161 242 385 436 564 0 
162 243 386 437 565 0 
163 244 387 438 566 0 
164 245 388 439 567 0 
165 246 389 440 568 0 
166 247 390 441 569 0 
167 248 391 442 570 0 
168 249 392 443 571 0 
169 211 0 0 0 0 
170 212 0 0 0 0 
171 213 0 0 0 0 
172 214 0 0 0 0 
173 215 0 0 0 0 
174 216 0 0 0 0 
175 217 0 0 0 0 
176 218 0 0 0 0 
177 219 0 0 0 0 
178 220 0 0 0 0 
179 221 0 0 0 0 
180 222 0 0 0 0 
181 223 0 0 0 0 
182 224 0 0 0 0 
183 225 0 0 0 0 
184 226 0 0 0 0 
185 227 0 0 0 0 
186 228 0 0 0 0 
187 229 0 0 0 0 
188 230 0 0 0 0 
189 231 0 0 0 0 
190 232 0 0 0 0 
191 233 0 0 0 0 
192 234 0 0 0 0 
193 235 0 0 0 0 
194 236 0 0 0 0 
195 237 0 0 0 0 
196 238 0 0 0 0 
197 239 0 0 0 0 
198 240 0 0 0 0 
199 241 0 0 0 0 
200 242 0 0 0 0 
201 243 0 0 0 0 
202 244 0 0 0 0 
203 245 0 0 0 0 
204 246 0 0 0 0 
205 247 0 0 0 0 
206 248 0 0 0 0 
207 249 0 0 0 0 
208 250 0 0 0 0 
209 251 0 0 0 0 
210 252 0 0 0 0 
211 253 0 0 0 0 
212 254 0 0 0 0 
213 255 0 0 0 0 
214 256 0 0 0 0 
215 257 0 0 0 0 
216 258 0 0 0 0 
217 259 0 0 0 0 
218 260 0 0 0 0 
219 261 0 0 0 0 
220 262 0 0 0 0 
221 263 0 0 0 0 
222 264 0 0 0 0 
223 265 0 0 0 0 
224 266 0 0 0 0 
225 267 0 0 0 0 
226 268 0 0 0 0 
227 269 0 0 0 0 
228 270 0 0 0 0 
229 271 0 0 0 0 
230 272 0 0 0 0 
231 273 0 0 0 0 
232 274 0 0 0 0 
233 275 0 0 0 0 
234 276 0 0 0 0 
235 277 0 0 0 0 
236 278 0 0 0 0 
237 279 0 0 0 0 
238 280 0 0 0 0 
239 281 0 0 0 0 
240 282 0 0 0 0 
241 283 0 0 0 0 
242 284 0 0 0 0 
243 285 0 0 0 0 
244 286 0 0 0 0 
245 287 0 0 0 0 
246 288 0 0 0 0 
247 289 0 0 0 0 
248 290 0 0 0 0 
249 291 0 0 0 0 
250 292 0 0 0 0 
251 293 0 0 0 0 
252 294 0 0 0 0 
253 295 0 0 0 0 
254 296 0 0 0 0 
255 297 0 0 0 0 
256 298 0 0 0 0 
257 299 0 0 0 0 
258 300 0 0 0 0 
259 301 0 0 0 0 
260 302 0 0 0 0 
261 303 0 0 0 0 
262 304 0 0 0 0 
263 305 0 0 0 0 
264 306 0 0 0 0 
265 307 0 0 0 0 
266 308 0 0 0 0 
267 309 0 0 0 0 
268 310 0 0 0 0 
269 311 0 0 0 0 
270 312 0 0 0 0 
271 313 0 0 0 0 
272 314 0 0 0 0 
273 315 0 0 0 0 
274 316 0 0 0 0 
275 317 0 0 0 0 
276 318 0 0 0 0 
277 319 0 0 0 0 
278 320 0 0 0 0 
279 321 0 0 0 0 
280 322 0 0 0 0 
281 323 0 0 0 0 
282 324 0 0 0 0 
283 325 0 0 0 0 
284 326 0 0 0 0 
285 327 0 0 0 0 
286 328 0 0 0 0 
287 329 0 0 0 0 
288 330 0 0 0 0 
289 331 0 0 0 0 
290 332 0 0 0 0 
291 333 0 0 0 0 
292 334 0 0 0 0 
293 335 0 0 0 0 
294 336 0 0 0 0 
295 337 0 0 0 0 
296 338 0 0 0 0 
297 339 0 0 0 0 
298 340 0 0 0 0 
299 341 0 0 0 0 
300 342 0 0 0 0 
301 343 0 0 0 0 
302 344 0 0 0 0 
303 345 0 0 0 0 
304 346 0 0 0 0 
305 347 0 0 0 0 
306 348 0 0 0 0 
307 349 0 0 0 0 
308 350 0 0 0 0 
309 351 0 0 0 0 
310 352 0 0 0 0 
311 353 0 0 0 0 
312 354 0 0 0 0 
313 355 0 0 0 0 
314 356 0 0 0 0 
315 357 0 0 0 0 
316 358 0 0 0 0 
317 359 0 0 0 0 
318 360 0 0 0 0 
319 361 0 0 0 0 
320 362 0 0 0 0 
321 363 0 0 0 0 
322 364 0 0 0 0 
323 365 0 0 0 0 
324 366 0 0 0 0 
325 367 0 0 0 0 
326 368 0 0 0 0 
327 369 0 0 0 0 
328 370 0 0 0 0 
329 371 0 0 0 0 
330 372 0 0 0 0 
331 373 0 0 0 0 
332 374 0 0 0 0 
333 375 0 0 0 0 
334 376 0 0 0 0 
335 377 0 0 0 0 
336 378 0 0 0 0 
337 379 0 0 0 0 
338 380 0 0 0 0 
339 381 0 0 0 0 
340 382 0 0 0 0 
341 383 0 0 0 0 
342 384 0 0 0 0 
343 385 0 0 0 0 
344 386 0 0 0 0 
345 387 0 0 0 0 
346 388 0 0 0 0 
347 389 0 0 0 0 
348 390 0 0 0 0 
349 391 0 0 0 0 
350 392 0 0 0 0 
351 393 0 0 0 0 
352 394 0 0 0 0 
353 395 0 0 0 0 
354 396 0 0 0 0 
355 397 0 0 0 0 
356 398 0 0 0 0 
357 399 0 0 0 0 
358 400 0 0 0 0 
359 401 0 0 0 0 
360 402 0 0 0 0 
361 403 0 0 0 0 
362 404 0 0 0 0 
363 405 0 0 0 0 
364 406 0 0 0 0 
365 407 0 0 0 0 
366 408 0 0 0 0 
367 409 0 0 0 0 
368 410 0 0 0 0 
369 411 0 0 0 0 
370 412 0 0 0 0 
371 413 0 0 0 0 
372 414 0 0 0 0 
373 415 0 0 0 0 
374 416 0 0 0 0 
375 417 0 0 0 0 
376 418 0 0 0 0 
377 419 0 0 0 0 
378 420 0 0 0 0 
379 421 0 0 0 0 
380 422 0 0 0 0 
381 423 0 0 0 0 
382 424 0 0 0 0 
383 425 0 0 0 0 
384 426 0 0 0 0 
385 427 0 0 0 0 
386 428 0 0 0 0 
387 429 0 0 0 0 
388 430 0 0 0 0 
389 431 0 0 0 0 
390 432 0 0 0 0 
391 433 0 0 0 0 
392 434 0 0 0 0 
393 435 0 0 0 0 
394 436 0 0 0 0 
395 437 0 0 0 0 
396 438 0 0 0 0 
397 439 0 0 0 0 
398 440 0 0 0 0 
399 441 0 0 0 0 
400 442 0 0 0 0 
401 443 0 0 0 0 
402 444 0 0 0 0 
403 445 0 0 0 0 
404 446 0 0 0 0 
405 447 0 0 0 0 
406 448 0 0 0 0 
407 449 0 0 0 0 
408 450 0 0 0 0 
409 451 0 0 0 0 
410 452 0 0 0 0 
411 453 0 0 0 0 
412 454 0 0 0 0 
413 455 0 0 0 0 
414 456 0 0 0 0 
415 457 0 0 0 0 
416 458 0 0 0 0 
417 459 0 0 0 0 
418 460 0 0 0 0 
419 461 0 0 0 0 
420 462 0 0 0 0 
421 482 0 0 0 0 
422 483 0 0 0 0 
423 484 0 0 0 0 
424 485 0 0 0 0 
425 486 0 0 0 0 
426 487 0 0 0 0 
427 488 0 0 0 0 
428 489 0 0 0 0 
429 490 0 0 0 0 
430 491 0 0 0 0 
431 492 0 0 0 0 
432 493 0 0 0 0 
433 494 0 0 0 0 
434 495 0 0 0 0 
435 496 0 0 0 0 
436 497 0 0 0 0 
437 498 0 0 0 0 
438 499 0 0 0 0 
439 500 0 0 0 0 
440 501 0 0 0 0 
441 502 0 0 0 0 
442 503 0 0 0 0 
443 504 0 0 0 0 
444 463 0 0 0 0 
445 464 0 0 0 0 
446 465 0 0 0 0 
447 466 0 0 0 0 
448 467 0 0 0 0 
449 468 0 0 0 0 
450 469 0 0 0 0 
451 470 0 0 0 0 
452 471 0 0 0 0 
453 472 0 0 0 0 
454 473 0 0 0 0 
455 474 0 0 0 0 
456 475 0 0 0 0 
457 476 0 0 0 0 
458 477 0 0 0 0 
459 478 0 0 0 0 
460 479 0 0 0 0 
461 480 0 0 0 0 
462 481 0 0 0 0 
463 0 0 0 0 0 
464 0 0 0 0 0 
465 0 0 0 0 0 
466 0 0 0 0 0 
467 0 0 0 0 0 
468 0 0 0 0 0 
469 0 0 0 0 0 
470 0 0 0 0 0 
471 0 0 0 0 0 
472 0 0 0 0 0 
473 0 0 0 0 0 
474 0 0 0 0 0 
475 0 0 0 0 0 
476 0 0 0 0 0 
477 0 0 0 0 0 
478 0 0 0 0 0 
479 0 0 0 0 0 
480 0 0 0 0 0 
481 0 0 0 0 0 
482 0 0 0 0 0 
483 0 0 0 0 0 
484 0 0 0 0 0 
485 0 0 0 0 0 
486 0 0 0 0 0 
487 0 0 0 0 0 
488 0 0 0 0 0 
489 0 0 0 0 0 
490 0 0 0 0 0 
491 0 0 0 0 0 
492 0 0 0 0 0 
493 0 0 0 0 0 
494 0 0 0 0 0 
495 0 0 0 0 0 
496 0 0 0 0 0 
497 0 0 0 0 0 
498 0 0 0 0 0 
499 0 0 0 0 0 
500 0 0 0 0 0 
501 0 0 0 0 0 
502 0 0 0 0 0 
503 0 0 0 0 0 
504 0 0 0 0 0 
505 0 0 0 0 0 
506 0 0 0 0 0 
507 0 0 0 0 0 
508 0 0 0 0 0 
509 0 0 0 0 0 
510 0 0 0 0 0 
511 0 0 0 0 0 
512 0 0 0 0 0 
513 0 0 0 0 0 
514 0 0 0 0 0 
515 0 0 0 0 0 
516 0 0 0 0 0 
517 0 0 0 0 0 
518 0 0 0 0 0 
519 0 0 0 0 0 
520 0 0 0 0 0 
521 0 0 0 0 0 
522 0 0 0 0 0 
523 0 0 0 0 0 
524 0 0 0 0 0 
525 0 0 0 0 0 
526 0 0 0 0 0 
527 0 0 0 0 0 
528 0 0 0 0 0 
529 0 0 0 0 0 
530 0 0 0 0 0 
531 0 0 0 0 0 
532 0 0 0 0 0 
533 0 0 0 0 0 
534 0 0 0 0 0 
535 0 0 0 0 0 
536 0 0 0 0 0 
537 0 0 0 0 0 
538 0 0 0 0 0 
539 0 0 0 0 0 
540 0 0 0 0 0 
541 0 0 0 0 0 
542 0 0 0 0 0 
543 0 0 0 0 0 
544 0 0 0 0 0 
545 0 0 0 0 0 
546 0 0 0 0 0 
547 0 0 0 0 0 
548 0 0 0 0 0 
549 0 0 0 0 0 
550 0 0 0 0 0 
551 0 0 0 0 0 
552 0 0 0 0 0 
553 0 0 0 0 0 
554 0 0 0 0 0 
555 0 0 0 0 0 
556 0 0 0 0 0 
557 0 0 0 0 0 
558 0 0 0 0 0 
559 0 0 0 0 0 
560 0 0 0 0 0 
561 0 0 0 0 0 
562 0 0 0 0 0 
563 0 0 0 0 0 
564 0 0 0 0 0 
565 0 0 0 0 0 
566 0 0 0 0 0 
567 0 0 0 0 0 
568 0 0 0 0 0 
569 0 0 0 0 0 
570 0 0 0 0 0 
571 0 0 0 0 0 
572 0 0 0 0 0 
573 0 0 0 0 0 
574 0 0 0 0 0 
575 0 0 0 0 0 
576 0 0 0 0 0 
577 0 0 0 0 0 
578 0 0 0 0 0 
579 0 0 0 0 0 
580 0 0 0 0 0 
581 0 0 0 0 0 
582 0 0 0 0 0 
583 0 0 0 0 0 
584 0 0 0 0 0 
585 0 0 0 0 0 
586 0 0 0 0 0 
587 0 0 0 0 0 
588 0 0 0 0 0 
421 1 169 337 0 
422 2 170 338 0 
423 3 171 339 0 
424 4 172 340 0 
425 5 173 341 0 
426 6 174 342 0 
427 7 175 343 0 
428 8 176 344 0 
429 9 177 345 0 
430 10 178 346 0 
431 11 179 347 0 
432 12 180 348 0 
433 13 181 349 0 
434 14 182 350 0 
435 15 183 351 0 
436 16 184 352 0 
437 17 185 353 0 
438 18 186 354 0 
439 19 187 355 0 
440 20 188 356 0 
441 21 189 357 0 
442 22 190 358 0 
443 23 191 359 0 
444 24 192 360 0 
445 25 193 361 0 
446 26 194 362 0 
447 27 195 363 0 
448 28 196 364 0 
449 29 197 365 0 
450 30 198 366 0 
451 31 199 367 0 
452 32 200 368 0 
453 33 201 369 0 
454 34 202 370 0 
455 35 203 371 0 
456 36 204 372 0 
457 37 205 373 0 
458 38 206 374 0 
459 39 207 375 0 
460 40 208 376 0 
461 41 209 377 0 
462 42 210 378 0 
463 2 43 379 211 
464 3 44 380 212 
465 4 45 381 213 
466 5 46 382 214 
467 6 47 383 215 
468 7 48 384 216 
469 8 49 385 217 
470 9 50 386 218 
471 10 51 387 219 
472 11 52 388 220 
473 12 53 389 221 
474 13 54 390 222 
475 14 55 391 223 
476 15 56 392 224 
477 16 57 393 225 
478 17 58 394 226 
479 18 59 395 227 
480 19 60 396 228 
481 20 61 397 229 
482 21 62 398 230 
483 22 63 399 231 
484 23 64 400 232 
485 24 65 401 233 
486 25 66 402 234 
487 26 67 403 235 
488 27 68 404 236 
489 28 69 405 237 
490 29 70 406 238 
491 30 71 407 239 
492 31 72 408 240 
493 32 73 409 241 
494 33 74 410 242 
495 34 75 411 243 
496 35 76 412 244 
497 36 77 413 245 
498 37 78 414 246 
499 38 79 415 247 
500 39 80 416 248 
501 40 81 417 249 
502 41 82 418 250 
503 42 83 419 251 
504 1 84 420 252 
505 65 85 348 253 
506 66 86 349 254 
507 67 87 350 255 
508 68 88 351 256 
509 69 89 352 257 
510 70 90 353 258 
511 71 91 354 259 
512 72 92 355 260 
513 73 93 356 261 
514 74 94 357 262 
515 75 95 358 263 
516 76 96 359 264 
517 77 97 360 265 
518 78 98 361 266 
519 79 99 362 267 
520 80 100 363 268 
521 81 101 364 269 
522 82 102 365 270 
523 83 103 366 271 
524 84 104 367 272 
525 43 105 368 273 
526 44 106 369 274 
527 45 107 370 275 
528 46 108 371 276 
529 47 109 372 277 
530 48 110 373 278 
531 49 111 374 279 
532 50 112 375 280 
533 51 113 376 281 
534 52 114 377 282 
535 53 115 378 283 
536 54 116 337 284 
537 55 117 338 285 
538 56 118 339 286 
539 57 119 340 287 
540 58 120 341 288 
541 59 121 342 289 
542 60 122 343 290 
543 61 123 344 291 
544 62 124 345 292 
545 63 125 346 293 
546 64 126 347 294 
547 97 127 409 295 
548 98 128 410 296 
549 99 129 411 297 
550 100 130 412 298 
551 101 131 413 299 
552 102 132 414 300 
553 103 133 415 301 
554 104 134 416 302 
555 105 135 417 303 
556 106 136 418 304 
557 107 137 419 305 
558 108 138 420 306 
559 109 139 379 307 
560 110 140 380 308 
561 111 141 381 309 
562 112 142 382 310 
563 113 143 383 311 
564 114 144 384 312 
565 115 145 385 313 
566 116 146 386 314 
567 117 147 387 315 
568 118 148 388 316 
569 119 149 389 317 
570 120 150 390 318 
571 121 151 391 319 
572 122 152 392 320 
573 123 153 393 321 
574 124 154 394 322 
575 125 155 395 323 
576 126 156 396 324 
577 85 157 397 325 
578 86 158 398 326 
579 87 159 399 327 
580 88 160 400 328 
581 89 161 401 329 
582 90 162 402 330 
583 91 163 403 331 
584 92 164 404 332 
585 93 165 405 333 
586 94 166 406 334 
587 95 167 407 335 
588 96 168 408 336 
589 147 187 540 453 
590 148 188 541 454 
591 149 189 542 455 
592 150 190 543 456 
593 151 191 544 457 
594 152 192 545 458 
595 153 193 546 459 
596 154 194 505 460 
597 155 195 506 461 
598 156 196 507 462 
599 157 197 508 421 
600 158 198 509 422 
601 159 199 510 423 
602 160 200 511 424 
603 161 201 512 425 
604 162 202 513 426 
605 163 203 514 427 
606 164 204 515 428 
607 165 205 516 429 
608 166 206 517 430 
609 167 207 518 431 
610 168 208 519 432 
611 127 209 520 433 
612 128 210 521 434 
613 129 169 522 435 
614 130 170 523 436 
615 131 171 524 437 
616 132 172 525 438 
617 133 173 526 439 
618 134 174 527 440 
619 135 175 528 441 
620 136 176 529 442 
621 137 177 530 443 
622 138 178 531 444 
623 139 179 532 445 
624 140 180 533 446 
625 141 181 534 447 
626 142 182 535 448 
627 143 183 536 449 
628 144 184 537 450 
629 145 185 538 451 
630 146 186 539 452 
589 631 213 550 479 
590 632 214 551 480 
591 633 215 552 481 
592 634 216 553 482 
593 635 217 554 483 
594 636 218 555 484 
595 637 219 556 485 
596 638 220 557 486 
597 639 221 558 487 
598 640 222 559 488 
599 641 223 560 489 
600 642 224 561 490 
601 643 225 562 491 
602 644 226 563 492 
603 645 227 564 493 
604 646 228 565 494 
605 647 229 566 495 
606 648 230 567 496 
607 649 231 568 497 
608 650 232 569 498 
609 651 233 570 499 
610 652 234 571 500 
611 653 235 572 501 
612 654 236 573 502 
613 655 237 574 503 
614 656 238 575 504 
615 657 239 576 463 
616 658 240 577 464 
617 659 241 578 465 
618 660 242 579 466 
619 661 243 580 467 
620 662 244 581 468 
621 663 245 582 469 
622 664 246 583 470 
623 665 247 584 471 
624 666 248 585 472 
625 667 249 586 473 
626 668 250 587 474 
627 669 251 588 475 
628 670 252 547 476 
629 671 211 548 477 
630 672 212 549 478 
631 673 194 266 435 
632 674 195 267 436 
633 675 196 268 437 
634 676 197 269 438 
635 677 198 270 439 
636 678 199 271 440 
637 679 200 272 441 
638 680 201 273 442 
639 681 202 274 443 
640 682 203 275 444 
641 683 204 276 445 
642 684 205 277 446 
643 685 206 278 447 
644 686 207 279 448 
645 687 208 280 449 
646 688 209 281 450 
647 689 210 282 451 
648 690 169 283 452 
649 691 170 284 453 
650 692 171 285 454 
651 693 172 286 455 
652 694 173 287 456 
653 695 174 288 457 
654 696 175 289 458 
655 697 176 290 459 
656 698 177 291 460 
657 699 178 292 461 
658 700 179 293 462 
659 701 180 294 421 
660 702 181 253 422 
661 703 182 254 423 
662 704 183 255 424 
663 705 184 256 425 
664 706 185 257 426 
665 707 186 258 427 
666 708 187 259 428 
667 709 188 260 429 
668 710 189 261 430 
669 711 190 262 431 
670 712 191 263 432 
671 713 192 264 433 
672 714 193 265 434 
673 715 302 222 489 
674 716 303 223 490 
675 717 304 224 491 
676 718 305 225 492 
677 719 306 226 493 
678 720 307 227 494 
679 721 308 228 495 
680 722 309 229 496 
681 723 310 230 497 
682 724 311 231 498 
683 725 312 232 499 
684 726 313 233 500 
685 727 314 234 501 
686 728 315 235 502 
687 729 316 236 503 
688 730 317 237 504 
689 731 318 238 463 
690 732 319 239 464 
691 733 320 240 465 
692 734 321 241 466 
693 735 322 242 467 
694 736 323 243 468 
695 737 324 244 469 
696 738 325 245 470 
697 739 326 246 471 
698 740 327 247 472 
699 741 328 248 473 
700 742 329 249 474 
701 743 330 250 475 
702 744 331 251 476 
703 745 332 252 477 
704 746 333 211 478 
705 747 334 212 479 
706 748 335 213 480 
707 749 336 214 481 
708 750 295 215 482 
709 751 296 216 483 
710 752 297 217 484 
711 753 298 218 485 
712 754 299 219 486 
713 755 300 220 487 
714 756 301 221 488 
715 757 378 278 546 
716 758 337 279 505 
717 759 338 280 506 
718 760 339 281 507 
719 761 340 282 508 
720 762 341 283 509 
721 763 342 284 510 
722 764 343 285 511 
723 765 344 286 512 
724 766 345 287 513 
725 767 346 288 514 
726 768 347 289 515 
727 769 348 290 516 
728 770 349 291 517 
729 771 350 292 518 
730 772 351 293 519 
731 773 352 294 520 
732 774 353 253 521 
733 775 354 254 522 
734 776 355 255 523 
735 777 356 256 524 
736 778 357 257 525 
737 779 358 258 526 
738 780 359 259 527 
739 781 360 260 528 
740 782 361 261 529 
741 783 362 262 530 
742 784 363 263 531 
743 785 364 264 532 
744 786 365 265 533 
745 787 366 266 534 
746 788 367 267 535 
747 789 368 268 536 
748 790 369 269 537 
749 791 370 270 538 
750 792 371 271 539 
751 793 372 272 540 
752 794 373 273 541 
753 795 374 274 542 
754 796 375 275 543 
755 797 376 276 544 
756 798 377 277 545 
757 799 409 336 575 
758 800 410 295 576 
759 801 411 296 577 
760 802 412 297 578 
761 803 413 298 579 
762 804 414 299 580 
763 805 415 300 581 
764 806 416 301 582 
765 807 417 302 583 
766 808 418 303 584 
767 809 419 304 585 
768 810 420 305 586 
769 811 379 306 587 
770 812 380 307 588 
771 813 381 308 547 
772 814 382 309 548 
773 815 383 310 549 
774 816 384 311 550 
775 817 385 312 551 
776 818 386 313 552 
777 819 387 314 553 
778 820 388 315 554 
779 821 389 316 555 
780 822 390 317 556 
781 823 391 318 557 
782 824 392 319 558 
783 825 393 320 559 
784 826 394 321 560 
785 827 395 322 561 
786 828 396 323 562 
787 829 397 324 563 
788 830 398 325 564 
789 831 399 326 565 
790 832 400 327 566 
791 833 401 328 567 
792 834 402 329 568 
793 835 403 330 569 
794 836 404 331 570 
795 837 405 332 571 
796 838 406 333 572 
797 839 407 334 573 
798 840 408 335 574 
799 841 566 544 435 
800 842 567 545 436 
801 843 568 546 437 
802 844 569 505 438 
803 845 570 506 439 
804 846 571 507 440 
805 847 572 508 441 
806 848 573 509 442 
807 849 574 510 443 
808 850 575 511 444 
809 851 576 512 445 
810 852 577 513 446 
811 853 578 514 447 
812 854 579 515 448 
813 855 580 516 449 
814 856 581 517 450 
815 857 582 518 451 
816 858 583 519 452 
817 859 584 520 453 
818 860 585 521 454 
819 861 586 522 455 
820 862 587 523 456 
821 863 588 524 457 
822 864 547 525 458 
823 865 548 526 459 
824 866 549 527 460 
825 867 550 528 461 
826 868 551 529 462 
827 869 552 530 421 
828 870 553 531 422 
829 871 554 532 423 
830 872 555 533 424 
831 873 556 534 425 
832 874 557 535 426 
833 875 558 536 427 
834 876 559 537 428 
835 877 560 538 429 
836 878 561 539 430 
837 879 562 540 431 
838 880 563 541 432 
839 881 564 542 433 
840 882 565 543 434 
883 864 500 430 0 
884 865 501 431 0 
885 866 502 432 0 
886 867 503 433 0 
887 868 504 434 0 
888 869 463 435 0 
889 870 464 436 0 
890 871 465 437 0 
891 872 466 438 0 
892 873 467 439 0 
893 874 468 440 0 
894 875 469 441 0 
895 876 470 442 0 
896 877 471 443 0 
897 878 472 444 0 
898 879 473 445 0 
899 880 474 446 0 
900 881 475 447 0 
901 882 476 448 0 
902 841 477 449 0 
903 842 478 450 0 
904 843 479 451 0 
905 844 480 452 0 
906 845 481 453 0 
907 846 482 454 0 
908 847 483 455 0 
909 848 484 456 0 
910 849 485 457 0 
911 850 486 458 0 
912 851 487 459 0 
913 852 488 460 0 
914 853 489 461 0 
915 854 490 462 0 
916 855 491 421 0 
917 856 492 422 0 
918 857 493 423 0 
919 858 494 424 0 
920 859 495 425 0 
921 860 496 426 0 
922 861 497 427 0 
923 862 498 428 0 
924 863 499 429 0 
925 505 495 461 0 
926 506 496 462 0 
927 507 497 421 0 
928 508 498 422 0 
929 509 499 423 0 
930 510 500 424 0 
931 511 501 425 0 
932 512 502 426 0 
933 513 503 427 0 
934 514 504 428 0 
935 515 463 429 0 
936 516 464 430 0 
937 517 465 431 0 
938 518 466 432 0 
939 519 467 433 0 
940 520 468 434 0 
941 521 469 435 0 
942 522 470 436 0 
943 523 471 437 0 
944 524 472 438 0 
945 525 473 439 0 
946 526 474 440 0 
947 527 475 441 0 
948 528 476 442 0 
949 529 477 443 0 
950 530 478 444 0 
951 531 479 445 0 
952 532 480 446 0 
953 533 481 447 0 
954 534 482 448 0 
955 535 483 449 0 
956 536 484 450 0 
957 537 485 451 0 
958 538 486 452 0 
959 539 487 453 0 
960 540 488 454 0 
961 541 489 455 0 
962 542 490 456 0 
963 543 491 457 0 
964 544 492 458 0 
965 545 493 459 0 
966 546 494 460 0 
967 564 507 473 0 
968 565 508 474 0 
969 566 509 475 0 
970 567 510 476 0 
971 568 511 477 0 
972 569 512 478 0 
973 570 513 479 0 
974 571 514 480 0 
975 572 515 481 0 
976 573 516 482 0 
977 574 517 483 0 
978 575 518 484 0 
979 576 519 485 0 
980 577 520 486 0 
981 578 521 487 0 
982 579 522 488 0 
983 580 523 489 0 
984 581 524 490 0 
985 582 525 491 0 
986 583 526 492 0 
987 584 527 493 0 
988 585 528 494 0 
989 586 529 495 0 
990 587 530 496 0 
991 588 531 497 0 
992 547 532 498 0 
993 548 533 499 0 
994 549 534 500 0 
995 550 535 501 0 
996 551 536 502 0 
997 552 537 503 0 
998 553 538 504 0 
999 554 539 463 0 
1000 555 540 464 0 
1001 556 541 465 0 
1002 557 542 466 0 
1003 558 543 467 0 
1004 559 544 468 0 
1005 560 545 469 0 
1006 561 546 470 0 
1007 562 505 471 0 
1008 563 506 472 0 
