640 384 128
5 6
2 2 2 2 2 2 2 2 2 2 2 2 2 2 2 2 2 2 2 2 2 2 2 2 2 2 2 2 2 2 2 2 2 2 2 2 2 2 2 2 2 2 2 2 2 2 2 2 2 2 2 2 2 2 2 2 2 2 2 2 2 2 2 2 2 2 2 2 2 2 2 2 2 2 2 2 2 2 2 2 2 2 2 2 2 2 2 2 2 2 2 2 2 2 2 2 3 3 3 3 3 3 3 3 3 3 3 3 3 3 3 3 3 3 3 3 3 3 3 3 3 3 3 3 3 3 3 3 2 2 2 2 2 2 2 2 2 2 2 2 2 2 2 2 2 2 2 2 2 2 2 2 2 2 2 2 2 2 2 2 3 3 3 3 3 3 3 3 3 3 3 3 3 3 3 3 3 3 3 3 3 3 3 3 3 3 3 3 3 3 3 3 3 3 3 3 3 3 3 3 3 3 3 3 3 3 3 3 3 3 3 3 3 3 3 3 3 3 3 3 3 3 3 3 3 3 3 3 3 3 3 3 3 3 3 3 3 3 3 3 3 3 3 3 3 3 3 3 3 3 3 3 3 3 3 3 5 5 5 5 5 5 5 5 5 5 5 5 5 5 5 5 5 5 5 5 5 5 5 5 5 5 5 5 5 5 5 5 5 5 5 5 5 5 5 5 5 5 5 5 5 5 5 5 5 5 5 5 5 5 5 5 5 5 5 5 5 5 5 5 5 5 5 5 5 5 5 5 5 5 5 5 5 5 5 5 5 5 5 5 5 5 5 5 5 5 5 5 5 5 5 5 4 4 4 4 4 4 4 4 4 4 4 4 4 4 4 4 4 4 4 4 4 4 4 4 4 4 4 4 4 4 4 4 2 2 2 2 2 2 2 2 2 2 2 2 2 2 2 2 2 2 2 2 2 2 2 2 2 2 2 2 2 2 2 2 2 2 2 2 2 2 2 2 2 2 2 2 2 2 2 2 2 2 2 2 2 2 2 2 2 2 2 2 2 2 2 2 2 2 2 2 2 2 2 2 2 2 2 2 2 2 2 2 2 2 2 2 2 2 2 2 2 2 2 2 2 2 2 2 2 2 2 2 2 2 2 2 2 2 2 2 2 2 2 2 2 2 2 2 2 2 2 2 2 2 2 2 2 2 2 2 2 2 2 2 2 2 2 2 2 2 2 2 2 2 2 2 2 2 2 2 2 2 2 2 2 2 2 2 2 2 2 2 2 2 2 2 2 2 2 2 2 2 2 2 2 2 2 2 2 2 2 2 2 2 2 2 2 2 2 2 2 2 2 2 2 2 2 2 2 2 2 2 2 2 2 2 2 2 2 2 2 2 2 2 2 2 2 2 2 2 2 2 2 2 2 2 2 2 2 2 2 2 2 2 2 2 2 2 2 2 2 2 2 2 2 2 2 2 2 2 2 2 2 2 2 2 2 2 
5 5 5 5 5 5 5 5 5 5 5 5 5 5 5 5 5 5 5 5 5 5 5 5 5 5 5 5 5 5 5 5 4 4 4 4 4 4 4 4 4 4 4 4 4 4 4 4 4 4 4 4 4 4 4 4 4 4 4 4 4 4 4 4 4 4 4 4 4 4 4 4 4 4 4 4 4 4 4 4 4 4 4 4 4 4 4 4 4 4 4 4 4 4 4 4 4 4 4 4 4 4 4 4 4 4 4 4 4 4 4 4 4 4 4 4 4 4 4 4 4 4 4 4 4 4 4 4 5 5 5 5 5 5 5 5 5 5 5 5 5 5 5 5 5 5 5 5 5 5 5 5 5 5 5 5 5 5 5 5 5 5 5 5 5 5 5 5 5 5 5 5 5 5 5 5 5 5 5 5 5 5 5 5 5 5 5 5 5 5 5 5 5 5 5 5 5 5 5 5 5 5 5 5 5 5 5 5 5 5 5 5 5 5 5 5 5 5 5 5 5 5 5 5 4 4 4 4 4 4 4 4 4 4 4 4 4 4 4 4 4 4 4 4 4 4 4 4 4 4 4 4 4 4 4 4 4 4 4 4 4 4 4 4 4 4 4 4 4 4 4 4 4 4 4 4 4 4 4 4 4 4 4 4 4 4 4 4 4 4 4 4 4 4 4 4 4 4 4 4 4 4 4 4 4 4 4 4 4 4 4 4 4 4 4 4 4 4 4 4 5 5 5 5 5 5 5 5 5 5 5 5 5 5 5 5 5 5 5 5 5 5 5 5 5 5 5 5 5 5 5 5 6 6 6 6 6 6 6 6 6 6 6 6 6 6 6 6 6 6 6 6 6 6 6 6 6 6 6 6 6 6 6 6 
1 158 0 0 0 
2 159 0 0 0 
3 160 0 0 0 
4 129 0 0 0 
5 130 0 0 0 
6 131 0 0 0 
7 132 0 0 0 
8 133 0 0 0 
9 134 0 0 0 
10 135 0 0 0 
11 136 0 0 0 
12 137 0 0 0 
13 138 0 0 0 
14 139 0 0 0 
15 140 0 0 0 
16 141 0 0 0 
17 142 0 0 0 
18 143 0 0 0 
19 144 0 0 0 
20 145 0 0 0 
21 146 0 0 0 
22 147 0 0 0 
23 148 0 0 0 
24 149 0 0 0 
25 150 0 0 0 
26 151 0 0 0 
27 152 0 0 0 
28 153 0 0 0 
29 154 0 0 0 
30 155 0 0 0 
31 156 0 0 0 
32 157 0 0 0 
1 179 0 0 0 
2 180 0 0 0 
3 181 0 0 0 
4 182 0 0 0 
5 183 0 0 0 
6 184 0 0 0 
7 185 0 0 0 
8 186 0 0 0 
9 187 0 0 0 
10 188 0 0 0 
11 189 0 0 0 
12 190 0 0 0 
13 191 0 0 0 
14 192 0 0 0 
15 161 0 0 0 
16 162 0 0 0 
17 163 0 0 0 
18 164 0 0 0 
19 165 0 0 0 
20 166 0 0 0 
21 167 0 0 0 
22 168 0 0 0 
23 169 0 0 0 
24 170 0 0 0 
25 171 0 0 0 
26 172 0 0 0 
27 173 0 0 0 
28 174 0 0 0 
29 175 0 0 0 
30 176 0 0 0 
31 177 0 0 0 
32 178 0 0 0 
33 201 0 0 0 
34 202 0 0 0 
35 203 0 0 0 
36 204 0 0 0 
37 205 0 0 0 
38 206 0 0 0 
39 207 0 0 0 
40 208 0 0 0 
41 209 0 0 0 
42 210 0 0 0 
43 211 0 0 0 
44 212 0 0 0 
45 213 0 0 0 
46 214 0 0 0 
47 215 0 0 0 
48 216 0 0 0 
49 217 0 0 0 
50 218 0 0 0 
51 219 0 0 0 
52 220 0 0 0 
53 221 0 0 0 
54 222 0 0 0 
55 223 0 0 0 
56 224 0 0 0 
57 193 0 0 0 
58 194 0 0 0 
59 195 0 0 0 
60 196 0 0 0 
61 197 0 0 0 
62 198 0 0 0 
63 199 0 0 0 
64 200 0 0 0 
65 250 360 0 0 
66 251 361 0 0 
67 252 362 0 0 
68 253 363 0 0 
69 254 364 0 0 
70 255 365 0 0 
71 256 366 0 0 
72 225 367 0 0 
73 226 368 0 0 
74 227 369 0 0 
75 228 370 0 0 
76 229 371 0 0 
77 230 372 0 0 
78 231 373 0 0 
79 232 374 0 0 
80 233 375 0 0 
81 234 376 0 0 
82 235 377 0 0 
83 236 378 0 0 
84 237 379 0 0 
85 238 380 0 0 
86 239 381 0 0 
87 240 382 0 0 
88 241 383 0 0 
89 242 384 0 0 
90 243 353 0 0 
91 244 354 0 0 
92 245 355 0 0 
93 246 356 0 0 
94 247 357 0 0 
95 248 358 0 0 
96 249 359 0 0 
97 257 0 0 0 
98 258 0 0 0 
99 259 0 0 0 
100 260 0 0 0 
101 261 0 0 0 
102 262 0 0 0 
103 263 0 0 0 
104 264 0 0 0 
105 265 0 0 0 
106 266 0 0 0 
107 267 0 0 0 
108 268 0 0 0 
109 269 0 0 0 
110 270 0 0 0 
111 271 0 0 0 
112 272 0 0 0 
113 273 0 0 0 
114 274 0 0 0 
115 275 0 0 0 
116 276 0 0 0 
117 277 0 0 0 
118 278 0 0 0 
119 279 0 0 0 
120 280 0 0 0 
121 281 0 0 0 
122 282 0 0 0 
123 283 0 0 0 
124 284 0 0 0 
125 285 0 0 0 
126 286 0 0 0 
127 287 0 0 0 
128 288 0 0 0 
1 147 300 0 0 
2 148 301 0 0 
3 149 302 0 0 
4 150 303 0 0 
5 151 304 0 0 
6 152 305 0 0 
7 153 306 0 0 
8 154 307 0 0 
9 155 308 0 0 
10 156 309 0 0 
11 157 310 0 0 
12 158 311 0 0 
13 159 312 0 0 
14 160 313 0 0 
15 129 314 0 0 
16 130 315 0 0 
17 131 316 0 0 
18 132 317 0 0 
19 133 318 0 0 
20 134 319 0 0 
21 135 320 0 0 
22 136 289 0 0 
23 137 290 0 0 
24 138 291 0 0 
25 139 292 0 0 
26 140 293 0 0 
27 141 294 0 0 
28 142 295 0 0 
29 143 296 0 0 
30 144 297 0 0 
31 145 298 0 0 
32 146 299 0 0 
33 174 330 0 0 
34 175 331 0 0 
35 176 332 0 0 
36 177 333 0 0 
37 178 334 0 0 
38 179 335 0 0 
39 180 336 0 0 
40 181 337 0 0 
41 182 338 0 0 
42 183 339 0 0 
43 184 340 0 0 
44 185 341 0 0 
45 186 342 0 0 
46 187 343 0 0 
47 188 344 0 0 
48 189 345 0 0 
49 190 346 0 0 
50 191 347 0 0 
51 192 348 0 0 
52 161 349 0 0 
53 162 350 0 0 
54 163 351 0 0 
55 164 352 0 0 
56 165 321 0 0 
57 166 322 0 0 
58 167 323 0 0 
59 168 324 0 0 
60 169 325 0 0 
61 170 326 0 0 
62 171 327 0 0 
63 172 328 0 0 
64 173 329 0 0 
65 222 367 0 0 
66 223 368 0 0 
67 224 369 0 0 
68 193 370 0 0 
69 194 371 0 0 
70 195 372 0 0 
71 196 373 0 0 
72 197 374 0 0 
73 198 375 0 0 
74 199 376 0 0 
75 200 377 0 0 
76 201 378 0 0 
77 202 379 0 0 
78 203 380 0 0 
79 204 381 0 0 
80 205 382 0 0 
81 206 383 0 0 
82 207 384 0 0 
83 208 353 0 0 
84 209 354 0 0 
85 210 355 0 0 
86 211 356 0 0 
87 212 357 0 0 
88 213 358 0 0 
89 214 359 0 0 
90 215 360 0 0 
91 216 361 0 0 
92 217 362 0 0 
93 218 363 0 0 
94 219 364 0 0 
95 220 365 0 0 
96 221 366 0 0 
1 47 118 234 347 
2 48 119 235 348 
3 49 120 236 349 
4 50 121 237 350 
5 51 122 238 351 
6 52 123 239 352 
7 53 124 240 321 
8 54 125 241 322 
9 55 126 242 323 
10 56 127 243 324 
11 57 128 244 325 
12 58 97 245 326 
13 59 98 246 327 
14 60 99 247 328 
15 61 100 248 329 
16 62 101 249 330 
17 63 102 250 331 
18 64 103 251 332 
19 33 104 252 333 
20 34 105 253 334 
21 35 106 254 335 
22 36 107 255 336 
23 37 108 256 337 
24 38 109 225 338 
25 39 110 226 339 
26 40 111 227 340 
27 41 112 228 341 
28 42 113 229 342 
29 43 114 230 343 
30 44 115 231 344 
31 45 116 232 345 
32 46 117 233 346 
33 85 134 266 354 
34 86 135 267 355 
35 87 136 268 356 
36 88 137 269 357 
37 89 138 270 358 
38 90 139 271 359 
39 91 140 272 360 
40 92 141 273 361 
41 93 142 274 362 
42 94 143 275 363 
43 95 144 276 364 
44 96 145 277 365 
45 65 146 278 366 
46 66 147 279 367 
47 67 148 280 368 
48 68 149 281 369 
49 69 150 282 370 
50 70 151 283 371 
51 71 152 284 372 
52 72 153 285 373 
53 73 154 286 374 
54 74 155 287 375 
55 75 156 288 376 
56 76 157 257 377 
57 77 158 258 378 
58 78 159 259 379 
59 79 160 260 380 
60 80 129 261 381 
61 81 130 262 382 
62 82 131 263 383 
63 83 132 264 384 
64 84 133 265 353 
65 103 165 305 347 
66 104 166 306 348 
67 105 167 307 349 
68 106 168 308 350 
69 107 169 309 351 
70 108 170 310 352 
71 109 171 311 321 
72 110 172 312 322 
73 111 173 313 323 
74 112 174 314 324 
75 113 175 315 325 
76 114 176 316 326 
77 115 177 317 327 
78 116 178 318 328 
79 117 179 319 329 
80 118 180 320 330 
81 119 181 289 331 
82 120 182 290 332 
83 121 183 291 333 
84 122 184 292 334 
85 123 185 293 335 
86 124 186 294 336 
87 125 187 295 337 
88 126 188 296 338 
89 127 189 297 339 
90 128 190 298 340 
91 97 191 299 341 
92 98 192 300 342 
93 99 161 301 343 
94 100 162 302 344 
95 101 163 303 345 
96 102 164 304 346 
97 133 198 372 0 
98 134 199 373 0 
99 135 200 374 0 
100 136 201 375 0 
101 137 202 376 0 
102 138 203 377 0 
103 139 204 378 0 
104 140 205 379 0 
105 141 206 380 0 
106 142 207 381 0 
107 143 208 382 0 
108 144 209 383 0 
109 145 210 384 0 
110 146 211 353 0 
111 147 212 354 0 
112 148 213 355 0 
113 149 214 356 0 
114 150 215 357 0 
115 151 216 358 0 
116 152 217 359 0 
117 153 218 360 0 
118 154 219 361 0 
119 155 220 362 0 
120 156 221 363 0 
121 157 222 364 0 
122 158 223 365 0 
123 159 224 366 0 
124 160 193 367 0 
125 129 194 368 0 
126 130 195 369 0 
127 131 196 370 0 
128 132 197 371 0 
129 165 0 0 0 
130 166 0 0 0 
131 167 0 0 0 
132 168 0 0 0 
133 169 0 0 0 
134 170 0 0 0 
135 171 0 0 0 
136 172 0 0 0 
137 173 0 0 0 
138 174 0 0 0 
139 175 0 0 0 
140 176 0 0 0 
141 177 0 0 0 
142 178 0 0 0 
143 179 0 0 0 
144 180 0 0 0 
145 181 0 0 0 
146 182 0 0 0 
147 183 0 0 0 
148 184 0 0 0 
149 185 0 0 0 
150 186 0 0 0 
151 187 0 0 0 
152 188 0 0 0 
153 189 0 0 0 
154 190 0 0 0 
155 191 0 0 0 
156 192 0 0 0 
157 161 0 0 0 
158 162 0 0 0 
159 163 0 0 0 
160 164 0 0 0 
161 210 0 0 0 
162 211 0 0 0 
163 212 0 0 0 
164 213 0 0 0 
165 214 0 0 0 
166 215 0 0 0 
167 216 0 0 0 
168 217 0 0 0 
169 218 0 0 0 
170 219 0 0 0 
171 220 0 0 0 
172 221 0 0 0 
173 222 0 0 0 
174 223 0 0 0 
175 224 0 0 0 
176 193 0 0 0 
177 194 0 0 0 
178 195 0 0 0 
179 196 0 0 0 
180 197 0 0 0 
181 198 0 0 0 
182 199 0 0 0 
183 200 0 0 0 
184 201 0 0 0 
185 202 0 0 0 
186 203 0 0 0 
187 204 0 0 0 
188 205 0 0 0 
189 206 0 0 0 
190 207 0 0 0 
191 208 0 0 0 
192 209 0 0 0 
193 234 0 0 0 
194 235 0 0 0 
195 236 0 0 0 
196 237 0 0 0 
197 238 0 0 0 
198 239 0 0 0 
199 240 0 0 0 
200 241 0 0 0 
201 242 0 0 0 
202 243 0 0 0 
203 244 0 0 0 
204 245 0 0 0 
205 246 0 0 0 
206 247 0 0 0 
207 248 0 0 0 
208 249 0 0 0 
209 250 0 0 0 
210 251 0 0 0 
211 252 0 0 0 
212 253 0 0 0 
213 254 0 0 0 
214 255 0 0 0 
215 256 0 0 0 
216 225 0 0 0 
217 226 0 0 0 
218 227 0 0 0 
219 228 0 0 0 
220 229 0 0 0 
221 230 0 0 0 
222 231 0 0 0 
223 232 0 0 0 
224 233 0 0 0 
225 282 0 0 0 
226 283 0 0 0 
227 284 0 0 0 
228 285 0 0 0 
229 286 0 0 0 
230 287 0 0 0 
231 288 0 0 0 
232 257 0 0 0 
233 258 0 0 0 
234 259 0 0 0 
235 260 0 0 0 
236 261 0 0 0 
237 262 0 0 0 
238 263 0 0 0 
239 264 0 0 0 
240 265 0 0 0 
241 266 0 0 0 
242 267 0 0 0 
243 268 0 0 0 
244 269 0 0 0 
245 270 0 0 0 
246 271 0 0 0 
247 272 0 0 0 
248 273 0 0 0 
249 274 0 0 0 
250 275 0 0 0 
251 276 0 0 0 
252 277 0 0 0 
253 278 0 0 0 
254 279 0 0 0 
255 280 0 0 0 
256 281 0 0 0 
257 300 0 0 0 
258 301 0 0 0 
259 302 0 0 0 
260 303 0 0 0 
261 304 0 0 0 
262 305 0 0 0 
263 306 0 0 0 
264 307 0 0 0 
265 308 0 0 0 
266 309 0 0 0 
267 310 0 0 0 
268 311 0 0 0 
269 312 0 0 0 
270 313 0 0 0 
271 314 0 0 0 
272 315 0 0 0 
273 316 0 0 0 
274 317 0 0 0 
275 318 0 0 0 
276 319 0 0 0 
277 320 0 0 0 
278 289 0 0 0 
279 290 0 0 0 
280 291 0 0 0 
281 292 0 0 0 
282 293 0 0 0 
283 294 0 0 0 
284 295 0 0 0 
285 296 0 0 0 
286 297 0 0 0 
287 298 0 0 0 
288 299 0 0 0 
289 321 0 0 0 
290 322 0 0 0 
291 323 0 0 0 
292 324 0 0 0 
293 325 0 0 0 
294 326 0 0 0 
295 327 0 0 0 
296 328 0 0 0 
297 329 0 0 0 
298 330 0 0 0 
299 331 0 0 0 
300 332 0 0 0 
301 333 0 0 0 
302 334 0 0 0 
303 335 0 0 0 
304 336 0 0 0 
305 337 0 0 0 
306 338 0 0 0 
307 339 0 0 0 
308 340 0 0 0 
309 341 0 0 0 
310 342 0 0 0 
311 343 0 0 0 
312 344 0 0 0 
313 345 0 0 0 
314 346 0 0 0 
315 347 0 0 0 
316 348 0 0 0 
317 349 0 0 0 
318 350 0 0 0 
319 351 0 0 0 
320 352 0 0 0 
321 358 0 0 0 
322 359 0 0 0 
323 360 0 0 0 
324 361 0 0 0 
325 362 0 0 0 
326 363 0 0 0 
327 364 0 0 0 
328 365 0 0 0 
329 366 0 0 0 
330 367 0 0 0 
331 368 0 0 0 
332 369 0 0 0 
333 370 0 0 0 
334 371 0 0 0 
335 372 0 0 0 
336 373 0 0 0 
337 374 0 0 0 
338 375 0 0 0 
339 376 0 0 0 
340 377 0 0 0 
341 378 0 0 0 
342 379 0 0 0 
343 380 0 0 0 
344 381 0 0 0 
345 382 0 0 0 
346 383 0 0 0 
347 384 0 0 0 
348 353 0 0 0 
349 354 0 0 0 
350 355 0 0 0 
351 356 0 0 0 
352 357 0 0 0 
353 15 0 0 0 
354 16 0 0 0 
355 17 0 0 0 
356 18 0 0 0 
357 19 0 0 0 
358 20 0 0 0 
359 21 0 0 0 
360 22 0 0 0 
361 23 0 0 0 
362 24 0 0 0 
363 25 0 0 0 
364 26 0 0 0 
365 27 0 0 0 
366 28 0 0 0 
367 29 0 0 0 
368 30 0 0 0 
369 31 0 0 0 
370 32 0 0 0 
371 1 0 0 0 
372 2 0 0 0 
373 3 0 0 0 
374 4 0 0 0 
375 5 0 0 0 
376 6 0 0 0 
377 7 0 0 0 
378 8 0 0 0 
379 9 0 0 0 
380 10 0 0 0 
381 11 0 0 0 
382 12 0 0 0 
383 13 0 0 0 
384 14 0 0 0 
1 33 627 161 257 0 
2 34 628 162 258 0 
3 35 629 163 259 0 
4 36 630 164 260 0 
5 37 631 165 261 0 
6 38 632 166 262 0 
7 39 633 167 263 0 
8 40 634 168 264 0 
9 41 635 169 265 0 
10 42 636 170 266 0 
11 43 637 171 267 0 
12 44 638 172 268 0 
13 45 639 173 269 0 
14 46 640 174 270 0 
15 47 609 175 271 0 
16 48 610 176 272 0 
17 49 611 177 273 0 
18 50 612 178 274 0 
19 51 613 179 275 0 
20 52 614 180 276 0 
21 53 615 181 277 0 
22 54 616 182 278 0 
23 55 617 183 279 0 
24 56 618 184 280 0 
25 57 619 185 281 0 
26 58 620 186 282 0 
27 59 621 187 283 0 
28 60 622 188 284 0 
29 61 623 189 285 0 
30 62 624 190 286 0 
31 63 625 191 287 0 
32 64 626 192 288 0 
65 193 275 289 0 0 
66 194 276 290 0 0 
67 195 277 291 0 0 
68 196 278 292 0 0 
69 197 279 293 0 0 
70 198 280 294 0 0 
71 199 281 295 0 0 
72 200 282 296 0 0 
73 201 283 297 0 0 
74 202 284 298 0 0 
75 203 285 299 0 0 
76 204 286 300 0 0 
77 205 287 301 0 0 
78 206 288 302 0 0 
79 207 257 303 0 0 
80 208 258 304 0 0 
81 209 259 305 0 0 
82 210 260 306 0 0 
83 211 261 307 0 0 
84 212 262 308 0 0 
85 213 263 309 0 0 
86 214 264 310 0 0 
87 215 265 311 0 0 
88 216 266 312 0 0 
89 217 267 313 0 0 
90 218 268 314 0 0 
91 219 269 315 0 0 
92 220 270 316 0 0 
93 221 271 317 0 0 
94 222 272 318 0 0 
95 223 273 319 0 0 
96 224 274 320 0 0 
97 225 301 321 0 0 
98 226 302 322 0 0 
99 227 303 323 0 0 
100 228 304 324 0 0 
101 229 305 325 0 0 
102 230 306 326 0 0 
103 231 307 327 0 0 
104 232 308 328 0 0 
105 233 309 329 0 0 
106 234 310 330 0 0 
107 235 311 331 0 0 
108 236 312 332 0 0 
109 237 313 333 0 0 
110 238 314 334 0 0 
111 239 315 335 0 0 
112 240 316 336 0 0 
113 241 317 337 0 0 
114 242 318 338 0 0 
115 243 319 339 0 0 
116 244 320 340 0 0 
117 245 289 341 0 0 
118 246 290 342 0 0 
119 247 291 343 0 0 
120 248 292 344 0 0 
121 249 293 345 0 0 
122 250 294 346 0 0 
123 251 295 347 0 0 
124 252 296 348 0 0 
125 253 297 349 0 0 
126 254 298 350 0 0 
127 255 299 351 0 0 
128 256 300 352 0 0 
129 353 268 347 0 0 
130 354 269 348 0 0 
131 355 270 349 0 0 
132 356 271 350 0 0 
133 357 272 351 0 0 
134 358 273 352 0 0 
135 359 274 321 0 0 
136 360 275 322 0 0 
137 361 276 323 0 0 
138 362 277 324 0 0 
139 363 278 325 0 0 
140 364 279 326 0 0 
141 365 280 327 0 0 
142 366 281 328 0 0 
143 367 282 329 0 0 
144 368 283 330 0 0 
145 369 284 331 0 0 
146 370 285 332 0 0 
147 371 286 333 0 0 
148 372 287 334 0 0 
149 373 288 335 0 0 
150 374 257 336 0 0 
151 375 258 337 0 0 
152 376 259 338 0 0 
153 377 260 339 0 0 
154 378 261 340 0 0 
155 379 262 341 0 0 
156 380 263 342 0 0 
157 381 264 343 0 0 
158 382 265 344 0 0 
159 383 266 345 0 0 
160 384 267 346 0 0 
385 4 175 381 316 0 
386 5 176 382 317 0 
387 6 177 383 318 0 
388 7 178 384 319 0 
389 8 179 353 320 0 
390 9 180 354 289 0 
391 10 181 355 290 0 
392 11 182 356 291 0 
393 12 183 357 292 0 
394 13 184 358 293 0 
395 14 185 359 294 0 
396 15 186 360 295 0 
397 16 187 361 296 0 
398 17 188 362 297 0 
399 18 189 363 298 0 
400 19 190 364 299 0 
401 20 191 365 300 0 
402 21 192 366 301 0 
403 22 161 367 302 0 
404 23 162 368 303 0 
405 24 163 369 304 0 
406 25 164 370 305 0 
407 26 165 371 306 0 
408 27 166 372 307 0 
409 28 167 373 308 0 
410 29 168 374 309 0 
411 30 169 375 310 0 
412 31 170 376 311 0 
413 32 171 377 312 0 
414 1 172 378 313 0 
415 2 173 379 314 0 
416 3 174 380 315 0 
417 47 413 212 349 0 
418 48 414 213 350 0 
419 49 415 214 351 0 
420 50 416 215 352 0 
421 51 385 216 321 0 
422 52 386 217 322 0 
423 53 387 218 323 0 
424 54 388 219 324 0 
425 55 389 220 325 0 
426 56 390 221 326 0 
427 57 391 222 327 0 
428 58 392 223 328 0 
429 59 393 224 329 0 
430 60 394 193 330 0 
431 61 395 194 331 0 
432 62 396 195 332 0 
433 63 397 196 333 0 
434 64 398 197 334 0 
435 33 399 198 335 0 
436 34 400 199 336 0 
437 35 401 200 337 0 
438 36 402 201 338 0 
439 37 403 202 339 0 
440 38 404 203 340 0 
441 39 405 204 341 0 
442 40 406 205 342 0 
443 41 407 206 343 0 
444 42 408 207 344 0 
445 43 409 208 345 0 
446 44 410 209 346 0 
447 45 411 210 347 0 
448 46 412 211 348 0 
449 89 432 228 380 0 
450 90 433 229 381 0 
451 91 434 230 382 0 
452 92 435 231 383 0 
453 93 436 232 384 0 
454 94 437 233 353 0 
455 95 438 234 354 0 
456 96 439 235 355 0 
457 65 440 236 356 0 
458 66 441 237 357 0 
459 67 442 238 358 0 
460 68 443 239 359 0 
461 69 444 240 360 0 
462 70 445 241 361 0 
463 71 446 242 362 0 
464 72 447 243 363 0 
465 73 448 244 364 0 
466 74 417 245 365 0 
467 75 418 246 366 0 
468 76 419 247 367 0 
469 77 420 248 368 0 
470 78 421 249 369 0 
471 79 422 250 370 0 
472 80 423 251 371 0 
473 81 424 252 372 0 
474 82 425 253 373 0 
475 83 426 254 374 0 
476 84 427 255 375 0 
477 85 428 256 376 0 
478 86 429 225 377 0 
479 87 430 226 378 0 
480 88 431 227 379 0 
481 472 104 280 0 0 
482 473 105 281 0 0 
483 474 106 282 0 0 
484 475 107 283 0 0 
485 476 108 284 0 0 
486 477 109 285 0 0 
487 478 110 286 0 0 
488 479 111 287 0 0 
489 480 112 288 0 0 
490 449 113 257 0 0 
491 450 114 258 0 0 
492 451 115 259 0 0 
493 452 116 260 0 0 
494 453 117 261 0 0 
495 454 118 262 0 0 
496 455 119 263 0 0 
497 456 120 264 0 0 
498 457 121 265 0 0 
499 458 122 266 0 0 
500 459 123 267 0 0 
501 460 124 268 0 0 
502 461 125 269 0 0 
503 462 126 270 0 0 
504 463 127 271 0 0 
505 464 128 272 0 0 
506 465 97 273 0 0 
507 466 98 274 0 0 
508 467 99 275 0 0 
509 468 100 276 0 0 
510 469 101 277 0 0 
511 470 102 278 0 0 
512 471 103 279 0 0 
513 129 488 312 0 0 
514 130 489 313 0 0 
515 131 490 314 0 0 
516 132 491 315 0 0 
517 133 492 316 0 0 
518 134 493 317 0 0 
519 135 494 318 0 0 
520 136 495 319 0 0 
521 137 496 320 0 0 
522 138 497 289 0 0 
523 139 498 290 0 0 
524 140 499 291 0 0 
525 141 500 292 0 0 
526 142 501 293 0 0 
527 143 502 294 0 0 
528 144 503 295 0 0 
529 145 504 296 0 0 
530 146 505 297 0 0 
531 147 506 298 0 0 
532 148 507 299 0 0 
533 149 508 300 0 0 
534 150 509 301 0 0 
535 151 510 302 0 0 
536 152 511 303 0 0 
537 153 512 304 0 0 
538 154 481 305 0 0 
539 155 482 306 0 0 
540 156 483 307 0 0 
541 157 484 308 0 0 
542 158 485 309 0 0 
543 159 486 310 0 0 
544 160 487 311 0 0 
545 534 182 337 0 0 
546 535 183 338 0 0 
547 536 184 339 0 0 
548 537 185 340 0 0 
549 538 186 341 0 0 
550 539 187 342 0 0 
551 540 188 343 0 0 
552 541 189 344 0 0 
553 542 190 345 0 0 
554 543 191 346 0 0 
555 544 192 347 0 0 
556 513 161 348 0 0 
557 514 162 349 0 0 
558 515 163 350 0 0 
559 516 164 351 0 0 
560 517 165 352 0 0 
561 518 166 321 0 0 
562 519 167 322 0 0 
563 520 168 323 0 0 
564 521 169 324 0 0 
565 522 170 325 0 0 
566 523 171 326 0 0 
567 524 172 327 0 0 
568 525 173 328 0 0 
569 526 174 329 0 0 
570 527 175 330 0 0 
571 528 176 331 0 0 
572 529 177 332 0 0 
573 530 178 333 0 0 
574 531 179 334 0 0 
575 532 180 335 0 0 
576 533 181 336 0 0 
577 545 216 263 327 0 
578 546 217 264 328 0 
579 547 218 265 329 0 
580 548 219 266 330 0 
581 549 220 267 331 0 
582 550 221 268 332 0 
583 551 222 269 333 0 
584 552 223 270 334 0 
585 553 224 271 335 0 
586 554 193 272 336 0 
587 555 194 273 337 0 
588 556 195 274 338 0 
589 557 196 275 339 0 
590 558 197 276 340 0 
591 559 198 277 341 0 
592 560 199 278 342 0 
593 561 200 279 343 0 
594 562 201 280 344 0 
595 563 202 281 345 0 
596 564 203 282 346 0 
597 565 204 283 347 0 
598 566 205 284 348 0 
599 567 206 285 349 0 
600 568 207 286 350 0 
601 569 208 287 351 0 
602 570 209 288 352 0 
603 571 210 257 321 0 
604 572 211 258 322 0 
605 573 212 259 323 0 
606 574 213 260 324 0 
607 575 214 261 325 0 
608 576 215 262 326 0 
609 604 122 243 366 320 
610 605 123 244 367 289 
611 606 124 245 368 290 
612 607 125 246 369 291 
613 608 126 247 370 292 
614 577 127 248 371 293 
615 578 128 249 372 294 
616 579 97 250 373 295 
617 580 98 251 374 296 
618 581 99 252 375 297 
619 582 100 253 376 298 
620 583 101 254 377 299 
621 584 102 255 378 300 
622 585 103 256 379 301 
623 586 104 225 380 302 
624 587 105 226 381 303 
625 588 106 227 382 304 
626 589 107 228 383 305 
627 590 108 229 384 306 
628 591 109 230 353 307 
629 592 110 231 354 308 
630 593 111 232 355 309 
631 594 112 233 356 310 
632 595 113 234 357 311 
633 596 114 235 358 312 
634 597 115 236 359 313 
635 598 116 237 360 314 
636 599 117 238 361 315 
637 600 118 239 362 316 
638 601 119 240 363 317 
639 602 120 241 364 318 
640 603 121 242 365 319 
