144 84 24
6 5
2 2 2 2 2 2 2 2 2 2 2 2 2 2 2 2 2 2 2 2 2 2 2 2 3 3 3 3 3 3 3 3 3 3 3 3 3 3 3 3 3 3 3 3 3 3 3 3 3 3 3 3 3 3 3 3 3 3 3 3 6 6 6 6 6 6 6 6 6 6 6 6 6 6 6 6 6 6 5 5 5 5 5 5 2 2 2 2 2 2 2 2 2 2 2 2 2 2 2 2 2 2 2 2 2 2 2 2 2 2 2 2 2 2 2 2 2 2 2 2 2 2 2 2 2 2 1 1 1 1 1 1 1 1 1 1 1 1 1 1 1 1 1 1 
4 4 4 4 4 4 5 5 5 5 5 5 5 5 5 5 5 5 5 5 5 5 5 5 5 5 5 5 5 5 5 5 5 5 5 5 5 5 5 5 5 5 5 5 5 5 5 5 5 5 5 5 5 5 5 5 5 5 5 5 5 5 5 5 5 5 4 4 4 4 4 4 4 4 4 4 4 4 4 4 4 4 4 4 
1 7 0 0 0 0 
2 8 0 0 0 0 
3 9 0 0 0 0 
4 10 0 0 0 0 
5 11 0 0 0 0 
6 12 0 0 0 0 
7 13 0 0 0 0 
8 14 0 0 0 0 
9 15 0 0 0 0 
10 16 0 0 0 0 
11 17 0 0 0 0 
12 18 0 0 0 0 
13 19 0 0 0 0 
14 20 0 0 0 0 
15 21 0 0 0 0 
16 22 0 0 0 0 
17 23 0 0 0 0 
18 24 0 0 0 0 
19 25 0 0 0 0 
20 26 0 0 0 0 
21 27 0 0 0 0 
22 28 0 0 0 0 
23 29 0 0 0 0 
24 30 0 0 0 0 
1 26 42 0 0 0 
2 27 37 0 0 0 
3 28 38 0 0 0 
4 29 39 0 0 0 
5 30 40 0 0 0 
6 25 41 0 0 0 
7 36 46 0 0 0 
8 31 47 0 0 0 
9 32 48 0 0 0 
10 33 43 0 0 0 
11 34 44 0 0 0 
12 35 45 0 0 0 
13 37 51 0 0 0 
14 38 52 0 0 0 
15 39 53 0 0 0 
16 40 54 0 0 0 
17 41 49 0 0 0 
18 42 50 0 0 0 
19 45 58 0 0 0 
20 46 59 0 0 0 
21 47 60 0 0 0 
22 48 55 0 0 0 
23 43 56 0 0 0 
24 44 57 0 0 0 
1 17 53 0 0 0 
2 18 54 0 0 0 
3 13 49 0 0 0 
4 14 50 0 0 0 
5 15 51 0 0 0 
6 16 52 0 0 0 
7 21 56 0 0 0 
8 22 57 0 0 0 
9 23 58 0 0 0 
10 24 59 0 0 0 
11 19 60 0 0 0 
12 20 55 0 0 0 
1 25 38 65 67 74 
2 26 39 66 68 75 
3 27 40 61 69 76 
4 28 41 62 70 77 
5 29 42 63 71 78 
6 30 37 64 72 73 
7 31 45 71 75 81 
8 32 46 72 76 82 
9 33 47 67 77 83 
10 34 48 68 78 84 
11 35 43 69 73 79 
12 36 44 70 74 80 
13 29 52 66 77 79 
14 30 53 61 78 80 
15 25 54 62 73 81 
16 26 49 63 74 82 
17 27 50 64 75 83 
18 28 51 65 76 84 
19 33 57 63 84 0 
20 34 58 64 79 0 
21 35 59 65 80 0 
22 36 60 66 81 0 
23 31 55 61 82 0 
24 32 56 62 83 0 
25 31 0 0 0 0 
26 32 0 0 0 0 
27 33 0 0 0 0 
28 34 0 0 0 0 
29 35 0 0 0 0 
30 36 0 0 0 0 
31 39 0 0 0 0 
32 40 0 0 0 0 
33 41 0 0 0 0 
34 42 0 0 0 0 
35 37 0 0 0 0 
36 38 0 0 0 0 
37 48 0 0 0 0 
38 43 0 0 0 0 
39 44 0 0 0 0 
40 45 0 0 0 0 
41 46 0 0 0 0 
42 47 0 0 0 0 
43 51 0 0 0 0 
44 52 0 0 0 0 
45 53 0 0 0 0 
46 54 0 0 0 0 
47 49 0 0 0 0 
48 50 0 0 0 0 
49 59 0 0 0 0 
50 60 0 0 0 0 
51 55 0 0 0 0 
52 56 0 0 0 0 
53 57 0 0 0 0 
54 58 0 0 0 0 
55 62 0 0 0 0 
56 63 0 0 0 0 
57 64 0 0 0 0 
58 65 0 0 0 0 
59 66 0 0 0 0 
60 61 0 0 0 0 
61 67 0 0 0 0 
62 68 0 0 0 0 
63 69 0 0 0 0 
64 70 0 0 0 0 
65 71 0 0 0 0 
66 72 0 0 0 0 
67 0 0 0 0 0 
68 0 0 0 0 0 
69 0 0 0 0 0 
70 0 0 0 0 0 
71 0 0 0 0 0 
72 0 0 0 0 0 
73 0 0 0 0 0 
74 0 0 0 0 0 
75 0 0 0 0 0 
76 0 0 0 0 0 
77 0 0 0 0 0 
78 0 0 0 0 0 
79 0 0 0 0 0 
80 0 0 0 0 0 
81 0 0 0 0 0 
82 0 0 0 0 0 
83 0 0 0 0 0 
84 0 0 0 0 0 
1 25 49 61 0 
2 26 50 62 0 
3 27 51 63 0 
4 28 52 64 0 
5 29 53 65 0 
6 30 54 66 0 
1 7 55 31 67 
2 8 56 32 68 
3 9 57 33 69 
4 10 58 34 70 
5 11 59 35 71 
6 12 60 36 72 
7 13 51 37 73 
8 14 52 38 74 
9 15 53 39 75 
10 16 54 40 76 
11 17 49 41 77 
12 18 50 42 78 
13 19 59 43 79 
14 20 60 44 80 
15 21 55 45 81 
16 22 56 46 82 
17 23 57 47 83 
18 24 58 48 84 
19 85 30 75 61 
20 86 25 76 62 
21 87 26 77 63 
22 88 27 78 64 
23 89 28 73 65 
24 90 29 74 66 
91 85 32 83 67 
92 86 33 84 68 
93 87 34 79 69 
94 88 35 80 70 
95 89 36 81 71 
96 90 31 82 72 
97 95 26 37 66 
98 96 27 38 61 
99 91 28 39 62 
100 92 29 40 63 
101 93 30 41 64 
102 94 25 42 65 
103 98 47 34 71 
104 99 48 35 72 
105 100 43 36 67 
106 101 44 31 68 
107 102 45 32 69 
108 97 46 33 70 
109 107 51 41 76 
110 108 52 42 77 
111 103 53 37 78 
112 104 54 38 73 
113 105 49 39 74 
114 106 50 40 75 
115 111 60 46 83 
116 112 55 47 84 
117 113 56 48 79 
118 114 57 43 80 
119 109 58 44 81 
120 110 59 45 82 
121 120 83 74 63 
122 115 84 75 64 
123 116 79 76 65 
124 117 80 77 66 
125 118 81 78 61 
126 119 82 73 62 
127 121 69 61 0 
128 122 70 62 0 
129 123 71 63 0 
130 124 72 64 0 
131 125 67 65 0 
132 126 68 66 0 
133 75 71 66 0 
134 76 72 61 0 
135 77 67 62 0 
136 78 68 63 0 
137 73 69 64 0 
138 74 70 65 0 
139 80 73 71 0 
140 81 74 72 0 
141 82 75 67 0 
142 83 76 68 0 
143 84 77 69 0 
144 79 78 70 0 
