160 96 32
5 6
2 2 2 2 2 2 2 2 2 2 2 2 2 2 2 2 2 2 2 2 2 2 2 2 3 3 3 3 3 3 3 3 2 2 2 2 2 2 2 2 3 3 3 3 3 3 3 3 3 3 3 3 3 3 3 3 3 3 3 3 3 3 3 3 5 5 5 5 5 5 5 5 5 5 5 5 5 5 5 5 5 5 5 5 5 5 5 5 4 4 4 4 4 4 4 4 2 2 2 2 2 2 2 2 2 2 2 2 2 2 2 2 2 2 2 2 2 2 2 2 2 2 2 2 2 2 2 2 2 2 2 2 2 2 2 2 2 2 2 2 2 2 2 2 2 2 2 2 2 2 2 2 1 1 1 1 1 1 1 1 
4 4 4 4 4 4 4 4 4 4 4 4 4 4 4 4 4 4 4 4 4 4 4 4 4 4 4 4 4 4 4 4 5 5 5 5 5 5 5 5 5 5 5 5 5 5 5 5 5 5 5 5 5 5 5 5 4 4 4 4 4 4 4 4 4 4 4 4 4 4 4 4 4 4 4 4 4 4 4 4 5 5 5 5 5 5 5 5 6 6 6 6 6 6 6 6 
1 34 0 0 0 
2 35 0 0 0 
3 36 0 0 0 
4 37 0 0 0 
5 38 0 0 0 
6 39 0 0 0 
7 40 0 0 0 
8 33 0 0 0 
1 41 0 0 0 
2 42 0 0 0 
3 43 0 0 0 
4 44 0 0 0 
5 45 0 0 0 
6 46 0 0 0 
7 47 0 0 0 
8 48 0 0 0 
9 49 0 0 0 
10 50 0 0 0 
11 51 0 0 0 
12 52 0 0 0 
13 53 0 0 0 
14 54 0 0 0 
15 55 0 0 0 
16 56 0 0 0 
17 58 93 0 0 
18 59 94 0 0 
19 60 95 0 0 
20 61 96 0 0 
21 62 89 0 0 
22 63 90 0 0 
23 64 91 0 0 
24 57 92 0 0 
25 70 0 0 0 
26 71 0 0 0 
27 72 0 0 0 
28 65 0 0 0 
29 66 0 0 0 
30 67 0 0 0 
31 68 0 0 0 
32 69 0 0 0 
1 40 80 0 0 
2 33 73 0 0 
3 34 74 0 0 
4 35 75 0 0 
5 36 76 0 0 
6 37 77 0 0 
7 38 78 0 0 
8 39 79 0 0 
9 43 87 0 0 
10 44 88 0 0 
11 45 81 0 0 
12 46 82 0 0 
13 47 83 0 0 
14 48 84 0 0 
15 41 85 0 0 
16 42 86 0 0 
17 55 90 0 0 
18 56 91 0 0 
19 49 92 0 0 
20 50 93 0 0 
21 51 94 0 0 
22 52 95 0 0 
23 53 96 0 0 
24 54 89 0 0 
1 13 27 58 84 
2 14 28 59 85 
3 15 29 60 86 
4 16 30 61 87 
5 9 31 62 88 
6 10 32 63 81 
7 11 25 64 82 
8 12 26 57 83 
9 23 39 72 90 
10 24 40 65 91 
11 17 33 66 92 
12 18 34 67 93 
13 19 35 68 94 
14 20 36 69 95 
15 21 37 70 96 
16 22 38 71 89 
17 31 42 78 83 
18 32 43 79 84 
19 25 44 80 85 
20 26 45 73 86 
21 27 46 74 87 
22 28 47 75 88 
23 29 48 76 81 
24 30 41 77 82 
25 36 56 90 0 
26 37 49 91 0 
27 38 50 92 0 
28 39 51 93 0 
29 40 52 94 0 
30 33 53 95 0 
31 34 54 96 0 
32 35 55 89 0 
33 43 0 0 0 
34 44 0 0 0 
35 45 0 0 0 
36 46 0 0 0 
37 47 0 0 0 
38 48 0 0 0 
39 41 0 0 0 
40 42 0 0 0 
41 49 0 0 0 
42 50 0 0 0 
43 51 0 0 0 
44 52 0 0 0 
45 53 0 0 0 
46 54 0 0 0 
47 55 0 0 0 
48 56 0 0 0 
49 59 0 0 0 
50 60 0 0 0 
51 61 0 0 0 
52 62 0 0 0 
53 63 0 0 0 
54 64 0 0 0 
55 57 0 0 0 
56 58 0 0 0 
57 70 0 0 0 
58 71 0 0 0 
59 72 0 0 0 
60 65 0 0 0 
61 66 0 0 0 
62 67 0 0 0 
63 68 0 0 0 
64 69 0 0 0 
65 76 0 0 0 
66 77 0 0 0 
67 78 0 0 0 
68 79 0 0 0 
69 80 0 0 0 
70 73 0 0 0 
71 74 0 0 0 
72 75 0 0 0 
73 88 0 0 0 
74 81 0 0 0 
75 82 0 0 0 
76 83 0 0 0 
77 84 0 0 0 
78 85 0 0 0 
79 86 0 0 0 
80 87 0 0 0 
81 92 0 0 0 
82 93 0 0 0 
83 94 0 0 0 
84 95 0 0 0 
85 96 0 0 0 
86 89 0 0 0 
87 90 0 0 0 
88 91 0 0 0 
89 0 0 0 0 
90 0 0 0 0 
91 0 0 0 0 
92 0 0 0 0 
93 0 0 0 0 
94 0 0 0 0 
95 0 0 0 0 
96 0 0 0 0 
1 9 41 65 0 0 
2 10 42 66 0 0 
3 11 43 67 0 0 
4 12 44 68 0 0 
5 13 45 69 0 0 
6 14 46 70 0 0 
7 15 47 71 0 0 
8 16 48 72 0 0 
17 49 69 73 0 0 
18 50 70 74 0 0 
19 51 71 75 0 0 
20 52 72 76 0 0 
21 53 65 77 0 0 
22 54 66 78 0 0 
23 55 67 79 0 0 
24 56 68 80 0 0 
25 57 75 81 0 0 
26 58 76 82 0 0 
27 59 77 83 0 0 
28 60 78 84 0 0 
29 61 79 85 0 0 
30 62 80 86 0 0 
31 63 73 87 0 0 
32 64 74 88 0 0 
33 89 71 83 0 0 
34 90 72 84 0 0 
35 91 65 85 0 0 
36 92 66 86 0 0 
37 93 67 87 0 0 
38 94 68 88 0 0 
39 95 69 81 0 0 
40 96 70 82 0 0 
97 8 42 94 75 0 
98 1 43 95 76 0 
99 2 44 96 77 0 
100 3 45 89 78 0 
101 4 46 90 79 0 
102 5 47 91 80 0 
103 6 48 92 73 0 
104 7 41 93 74 0 
105 103 9 55 88 0 
106 104 10 56 81 0 
107 97 11 49 82 0 
108 98 12 50 83 0 
109 99 13 51 84 0 
110 100 14 52 85 0 
111 101 15 53 86 0 
112 102 16 54 87 0 
113 17 105 59 90 0 
114 18 106 60 91 0 
115 19 107 61 92 0 
116 20 108 62 93 0 
117 21 109 63 94 0 
118 22 110 64 95 0 
119 23 111 57 96 0 
120 24 112 58 89 0 
121 119 32 72 0 0 
122 120 25 65 0 0 
123 113 26 66 0 0 
124 114 27 67 0 0 
125 115 28 68 0 0 
126 116 29 69 0 0 
127 117 30 70 0 0 
128 118 31 71 0 0 
129 36 124 74 0 0 
130 37 125 75 0 0 
131 38 126 76 0 0 
132 39 127 77 0 0 
133 40 128 78 0 0 
134 33 121 79 0 0 
135 34 122 80 0 0 
136 35 123 73 0 0 
137 134 42 84 0 0 
138 135 43 85 0 0 
139 136 44 86 0 0 
140 129 45 87 0 0 
141 130 46 88 0 0 
142 131 47 81 0 0 
143 132 48 82 0 0 
144 133 41 83 0 0 
145 138 51 70 87 0 
146 139 52 71 88 0 
147 140 53 72 81 0 
148 141 54 65 82 0 
149 142 55 66 83 0 
150 143 56 67 84 0 
151 144 49 68 85 0 
152 137 50 69 86 0 
153 150 29 64 96 80 
154 151 30 57 89 73 
155 152 31 58 90 74 
156 145 32 59 91 75 
157 146 25 60 92 76 
158 147 26 61 93 77 
159 148 27 62 94 78 
160 149 28 63 95 79 
